Date/time;LCSS_t[c];LCSS_rh[%];REFERENCE_CO2[ppm];IRCA1(1)_co2[ppm];TDS0058(1)_co2[ppm]
03/02/2020_09:30:15;19.2;49.5;1278;993.9;1080.00
03/02/2020_09:35:16;19.1;48.5;1167;873.7;970.00
03/02/2020_09:40:16;19.0;46.8;995;664.6;740.00
03/02/2020_09:45:16;19.0;45.3;844;563.4;630.00
03/02/2020_09:50:16;18.8;45.2;745;486.2;540.00
03/02/2020_09:55:16;19.0;43.9;666;427.0;490.00
03/02/2020_10:00:16;18.8;44.6;619;414.2;460.00
03/02/2020_10:05:16;18.8;44.6;597;410.4;450.00
03/02/2020_10:10:16;18.9;44.9;589;374.2;430.00
03/02/2020_10:15:16;18.8;44.9;566;378.2;430.00
03/02/2020_10:20:16;18.8;44.7;560;379.5;420.00
03/02/2020_10:25:16;18.9;44.9;563;364.3;420.00
03/02/2020_10:30:16;19.0;44.7;552;365.1;410.00
03/02/2020_10:35:16;19.0;44.5;560;367.3;420.00
03/02/2020_10:40:16;18.9;43.3;542;383.0;410.00
03/02/2020_10:45:16;19.1;43.8;548;397.0;420.00
03/02/2020_10:50:16;19.0;43.0;557;382.2;420.00
03/02/2020_10:55:16;19.1;42.8;554;370.6;420.00
03/02/2020_11:00:16;19.2;42.9;548;370.7;420.00
03/02/2020_11:05:16;19.3;42.9;543;383.0;410.00
03/02/2020_11:10:16;19.2;43.2;552;396.9;440.00
03/02/2020_11:15:16;19.4;42.8;558;385.5;430.00
03/02/2020_11:20:16;19.2;42.5;560;372.7;420.00
03/02/2020_11:25:16;19.3;42.0;549;374.9;420.00
03/02/2020_11:30:16;19.9;49.9;922;1029.1;1110.00
03/02/2020_11:35:16;20.1;49.1;1140;1040.5;1150.00
03/02/2020_11:40:16;20.1;48.6;1212;948.2;1050.00
03/02/2020_11:45:16;19.8;43.7;848;494.9;540.00
03/02/2020_11:50:16;20.2;47.2;916;782.4;850.00
03/02/2020_11:55:16;20.3;46.6;961;781.6;870.00
03/02/2020_12:00:16;20.5;47.4;1007;784.8;890.00
03/02/2020_12:05:16;20.5;46.8;993;771.2;860.00
03/02/2020_12:10:16;20.5;46.8;975;773.4;850.00
03/02/2020_12:15:16;20.7;46.6;970;751.5;840.00
03/02/2020_12:20:16;20.8;46.7;959;757.0;840.00
03/02/2020_12:25:16;20.8;46.6;970;774.1;850.00
03/02/2020_12:30:16;20.9;46.6;973;760.7;850.00
03/02/2020_12:35:16;21.0;46.6;987;742.9;850.00
03/02/2020_12:40:16;21.1;46.5;1004;793.6;890.00
03/02/2020_12:45:16;21.1;47.2;1041;875.4;960.00
03/02/2020_12:50:16;21.0;46.7;1058;866.2;950.00
03/02/2020_12:55:16;21.1;45.7;1010;763.4;850.00
03/02/2020_13:00:16;21.2;44.6;965;701.6;800.00
03/02/2020_13:05:16;21.2;44.2;910;686.2;760.00
03/02/2020_13:10:16;21.2;44.1;861;638.9;720.00
03/02/2020_13:15:16;21.2;44.5;893;690.2;820.00
03/02/2020_13:20:16;21.3;44.5;925;719.5;800.00
03/02/2020_13:25:16;21.4;44.1;933;740.8;840.00
03/02/2020_13:30:16;21.3;44.4;993;818.6;910.00
03/02/2020_13:35:16;21.4;45.5;1024;803.9;920.00
03/02/2020_13:40:16;21.5;46.6;1055;866.9;980.00
03/02/2020_13:45:16;21.6;46.8;1086;869.2;990.00
03/02/2020_13:50:16;21.7;48.2;1127;901.2;1030.00
03/02/2020_13:55:16;21.7;48.1;1129;868.4;1010.00
03/02/2020_14:00:16;21.7;47.5;1123;881.5;1020.00
03/02/2020_14:05:16;21.8;47.4;1141;920.1;1030.00
03/02/2020_14:10:16;21.7;47.1;1155;913.4;1040.00
03/02/2020_14:15:16;21.9;47.0;1135;923.1;1040.00
03/02/2020_14:20:16;22.0;47.0;1186;945.1;1080.00
03/02/2020_14:25:16;21.9;46.3;1164;917.0;1040.00
03/02/2020_14:30:16;21.9;46.2;1126;904.6;1010.00
03/02/2020_14:35:16;21.6;46.6;1109;878.7;980.00
03/02/2020_14:40:16;22.0;45.6;1101;867.7;970.00
03/02/2020_14:45:16;22.1;44.8;1081;834.4;950.00
03/02/2020_14:50:16;22.1;44.4;1049;808.0;930.00
03/02/2020_14:55:16;22.1;44.1;1030;787.5;900.00
03/02/2020_15:00:16;22.2;43.9;1007;749.9;880.00
03/02/2020_15:05:16;22.1;43.5;981;745.9;860.00
03/02/2020_15:10:16;21.9;43.8;981;755.8;850.00
03/02/2020_15:15:16;21.9;43.9;1004;795.5;920.00
03/02/2020_15:20:16;22.0;44.0;1027;816.2;950.00
03/02/2020_15:25:16;22.2;44.0;1044;827.9;960.00
03/02/2020_15:30:16;22.1;43.8;1039;827.3;950.00
03/02/2020_15:35:16;22.1;44.2;1055;810.6;940.00
03/02/2020_15:40:16;22.4;43.6;1049;801.4;940.00
03/02/2020_15:45:16;22.4;43.6;1047;813.7;940.00
03/02/2020_15:50:16;22.4;43.6;1070;851.9;950.00
03/02/2020_15:55:16;22.6;43.1;1072;811.8;950.00
03/02/2020_16:00:16;22.5;42.9;1058;830.1;950.00
03/02/2020_16:05:16;22.7;42.9;1076;870.7;1000.00
03/02/2020_16:10:16;22.6;42.8;1081;853.9;980.00
03/02/2020_16:15:16;22.7;42.9;1078;847.7;970.00
03/02/2020_16:20:16;22.7;43.2;1090;857.7;1000.00
03/02/2020_16:25:16;22.7;42.8;1081;820.8;970.00
03/02/2020_16:30:16;22.7;43.0;1083;870.0;990.00
03/02/2020_16:35:16;22.7;43.2;1104;864.8;1010.00
03/02/2020_16:40:16;22.8;42.5;1098;880.4;1010.00
03/02/2020_16:45:16;22.6;42.6;1095;858.4;980.00
03/02/2020_16:50:16;22.8;42.3;1090;840.4;970.00
03/02/2020_16:55:16;22.8;42.7;1081;864.2;1000.00
03/02/2020_17:00:16;22.9;42.8;1109;867.1;1030.00
03/02/2020_17:05:16;22.9;42.8;1115;886.2;1030.00
03/02/2020_17:10:16;22.9;42.8;1127;889.6;1040.00
03/02/2020_17:15:16;23.1;42.4;1123;861.0;1020.00
03/02/2020_17:20:16;23.0;42.7;1152;956.3;1100.00
03/02/2020_17:25:16;22.8;44.9;1255;1067.9;1210.00
03/02/2020_17:30:16;23.0;44.3;1280;1043.8;1170.00
03/02/2020_17:35:16;23.0;43.7;1260;1012.0;1160.00
03/02/2020_17:40:16;23.0;43.4;1261;987.4;1160.00
03/02/2020_17:45:16;22.9;43.5;1237;995.5;1140.00
03/02/2020_17:50:16;23.1;42.8;1237;987.4;1130.00
03/02/2020_17:55:16;22.9;43.0;1215;970.1;1110.00
03/02/2020_18:00:16;22.9;43.1;1192;945.1;1100.00
03/02/2020_18:05:16;22.9;43.0;1192;929.0;1080.00
03/02/2020_18:10:16;22.8;43.2;1178;959.6;1080.00
03/02/2020_18:15:16;22.8;44.1;1235;1050.6;1210.00
03/02/2020_18:20:16;22.8;44.6;1326;1120.8;1290.00
03/02/2020_18:25:16;22.7;45.3;1403;1217.4;1380.00
03/02/2020_18:30:16;22.9;45.4;1474;1285.0;1450.00
03/02/2020_18:35:16;23.0;45.4;1556;1344.0;1510.00
03/02/2020_18:40:16;23.0;45.8;1614;1369.3;1570.00
03/02/2020_18:45:16;23.0;46.5;1671;1406.6;1610.00
03/02/2020_18:50:16;22.9;46.6;1702;1418.1;1620.00
03/02/2020_18:55:16;23.1;45.8;1691;1405.1;1610.00
03/02/2020_19:00:16;22.9;45.3;1643;1295.6;1490.00
03/02/2020_19:05:16;22.8;43.8;1514;1189.7;1360.00
03/02/2020_19:10:16;22.5;43.0;1440;1163.2;1320.00
03/02/2020_19:15:16;22.4;42.3;1387;1121.6;1260.00
03/02/2020_19:20:16;22.3;41.0;1323;1019.1;1180.00
03/02/2020_19:25:16;22.3;40.6;1276;999.8;1150.00
03/02/2020_19:30:16;22.2;40.8;1253;963.2;1090.00
03/02/2020_19:35:16;22.0;41.2;1203;937.5;1070.00
03/02/2020_19:40:16;22.0;41.2;1146;859.5;1000.00
03/02/2020_19:45:16;21.9;41.2;1101;833.7;970.00
03/02/2020_19:50:16;21.9;41.3;1072;827.8;950.00
03/02/2020_19:55:16;21.8;41.5;1078;861.0;980.00
03/02/2020_20:00:16;21.7;42.1;1084;881.4;990.00
03/02/2020_20:05:16;21.8;43.0;1133;914.5;1060.00
03/02/2020_20:10:16;21.7;43.8;1197;978.1;1100.00
03/02/2020_20:15:16;21.7;44.5;1227;1002.5;1130.00
03/02/2020_20:20:16;21.7;44.9;1263;1021.0;1160.00
03/02/2020_20:25:16;21.7;45.0;1283;1035.6;1190.00
03/02/2020_20:30:16;21.8;45.4;1306;1078.9;1220.00
03/02/2020_20:35:16;21.7;45.7;1326;1106.0;1240.00
03/02/2020_20:40:16;21.7;45.8;1337;1096.1;1230.00
03/02/2020_20:45:16;21.8;46.0;1357;1094.7;1250.00
03/02/2020_20:50:16;21.9;45.9;1372;1126.2;1260.00
03/02/2020_20:55:16;21.9;45.5;1357;1110.5;1240.00
03/02/2020_21:00:16;21.9;45.7;1380;1114.3;1280.00
03/02/2020_21:05:16;21.9;45.9;1369;1102.7;1250.00
03/02/2020_21:10:16;21.8;46.0;1354;1137.1;1240.00
03/02/2020_21:15:16;21.8;46.1;1343;1110.0;1240.00
03/02/2020_21:20:16;21.9;46.2;1363;1114.0;1270.00
03/02/2020_21:25:16;21.9;46.4;1368;1149.5;1280.00
03/02/2020_21:30:16;21.9;48.7;1391;1163.5;1300.00
03/02/2020_21:35:16;22.0;48.8;1394;1157.8;1290.00
03/02/2020_21:40:16;21.7;49.1;1406;1147.8;1310.00
03/02/2020_21:45:16;21.8;49.0;1402;1162.4;1310.00
03/02/2020_21:50:16;21.8;49.4;1446;1229.7;1350.00
03/02/2020_21:55:16;21.2;43.6;1255;982.9;1100.00
03/02/2020_22:00:16;21.0;40.4;1115;807.1;940.00
03/02/2020_22:05:16;20.8;38.4;999;739.4;830.00
03/02/2020_22:10:16;20.5;37.2;910;666.8;740.00
03/02/2020_22:15:16;20.4;36.1;836;603.6;680.00
03/02/2020_22:20:16;20.3;35.2;791;556.5;630.00
03/02/2020_22:25:16;20.2;34.9;740;538.5;590.00
03/02/2020_22:30:16;20.1;34.6;699;514.7;570.00
03/02/2020_22:35:16;19.9;34.6;679;491.8;550.00
03/02/2020_22:40:16;19.9;34.4;666;470.2;530.00
03/02/2020_22:45:16;19.9;33.6;637;459.2;510.00
03/02/2020_22:50:16;19.8;32.9;625;457.6;500.00
03/02/2020_22:55:16;19.6;32.8;614;438.7;490.00
03/02/2020_23:00:16;19.6;32.6;594;421.4;470.00
03/02/2020_23:05:16;19.6;32.6;596;416.0;460.00
03/02/2020_23:10:16;19.6;32.2;591;432.4;460.00
03/02/2020_23:15:16;19.5;31.8;577;421.4;460.00
03/02/2020_23:20:16;19.4;32.0;568;419.0;450.00
03/02/2020_23:25:16;19.3;31.6;574;419.2;440.00
03/02/2020_23:30:16;19.3;31.7;569;420.6;440.00
03/02/2020_23:35:16;19.3;31.8;569;419.3;440.00
03/02/2020_23:40:16;19.2;31.8;565;409.9;440.00
03/02/2020_23:45:16;19.3;31.6;568;412.3;440.00
03/02/2020_23:50:16;19.2;31.9;563;416.2;440.00
03/02/2020_23:55:16;19.1;31.9;558;410.4;440.00
04/02/2020_00:00:16;19.5;36.0;645;610.6;640.00
04/02/2020_00:05:16;19.8;34.8;702;539.0;570.00
04/02/2020_00:10:16;19.7;35.5;708;560.4;580.00
04/02/2020_00:15:16;19.9;35.9;714;551.1;580.00
04/02/2020_00:20:16;19.8;36.0;713;539.6;590.00
04/02/2020_00:25:16;19.9;36.6;708;534.1;580.00
04/02/2020_00:30:16;19.9;37.2;711;548.3;590.00
04/02/2020_00:35:16;19.9;37.3;713;542.5;580.00
04/02/2020_00:40:16;19.9;37.7;713;535.2;590.00
04/02/2020_00:45:16;19.8;38.1;714;527.9;590.00
04/02/2020_00:50:16;19.9;38.2;714;527.3;590.00
04/02/2020_00:55:16;19.9;38.5;719;543.8;590.00
04/02/2020_01:00:16;19.9;38.8;719;524.0;590.00
04/02/2020_01:05:16;19.9;39.0;720;526.5;590.00
04/02/2020_01:10:16;19.9;39.3;722;553.1;590.00
04/02/2020_01:15:16;20.0;39.4;725;542.3;590.00
04/02/2020_01:20:16;20.0;39.7;740;540.5;610.00
04/02/2020_01:25:16;19.8;39.9;728;548.8;600.00
04/02/2020_01:30:16;19.9;40.1;733;550.7;610.00
04/02/2020_01:35:16;20.0;40.1;739;552.9;610.00
04/02/2020_01:40:16;20.0;40.5;745;562.3;610.00
04/02/2020_01:45:16;20.0;40.6;748;545.5;620.00
04/02/2020_01:50:17;19.9;40.7;742;544.3;610.00
04/02/2020_01:55:17;19.9;40.8;748;580.2;620.00
04/02/2020_02:00:17;19.9;41.1;745;568.2;620.00
04/02/2020_02:05:17;19.9;41.2;753;576.5;630.00
04/02/2020_02:10:17;19.9;41.4;750;562.8;630.00
04/02/2020_02:15:17;19.8;41.3;753;577.8;630.00
04/02/2020_02:20:17;19.8;41.7;759;590.7;640.00
04/02/2020_02:25:17;19.8;41.6;765;575.3;630.00
04/02/2020_02:30:17;19.8;41.8;765;582.7;630.00
04/02/2020_02:35:17;19.9;41.9;771;591.5;640.00
04/02/2020_02:40:17;19.9;42.0;777;609.7;660.00
04/02/2020_02:45:17;19.9;42.3;780;611.3;640.00
04/02/2020_02:50:17;19.9;42.4;784;605.3;650.00
04/02/2020_02:55:17;19.7;42.4;785;602.9;650.00
04/02/2020_03:00:17;19.9;42.6;793;617.8;660.00
04/02/2020_03:05:17;19.8;42.8;788;615.6;660.00
04/02/2020_03:10:17;19.9;43.0;790;609.2;670.00
04/02/2020_03:15:17;19.8;42.8;805;628.7;670.00
04/02/2020_03:20:17;19.9;43.1;811;612.7;680.00
04/02/2020_03:25:17;19.9;43.2;807;623.0;690.00
04/02/2020_03:30:17;19.8;43.3;821;639.2;690.00
04/02/2020_03:35:17;19.8;43.4;831;662.0;700.00
04/02/2020_03:40:17;19.8;43.4;833;671.1;700.00
04/02/2020_03:45:17;19.7;43.6;839;651.7;710.00
04/02/2020_03:50:17;19.7;43.9;836;633.5;710.00
04/02/2020_03:55:17;19.8;44.0;842;667.5;720.00
04/02/2020_04:00:17;19.7;43.9;850;680.5;720.00
04/02/2020_04:05:17;19.7;44.2;850;654.0;730.00
04/02/2020_04:10:17;19.7;44.2;853;662.6;730.00
04/02/2020_04:15:17;19.6;44.4;859;663.3;730.00
04/02/2020_04:20:17;19.7;44.3;862;691.5;730.00
04/02/2020_04:25:17;19.6;44.5;870;668.1;730.00
04/02/2020_04:30:17;19.8;44.2;871;683.9;740.00
04/02/2020_04:35:17;19.7;44.5;864;712.9;740.00
04/02/2020_04:40:17;19.6;44.8;881;686.4;740.00
04/02/2020_04:45:17;19.7;44.6;879;680.7;740.00
04/02/2020_04:50:17;19.7;44.6;885;717.7;750.00
04/02/2020_04:55:17;19.6;44.9;904;717.8;760.00
04/02/2020_05:00:17;19.6;44.8;902;722.0;770.00
04/02/2020_05:05:17;19.7;45.1;905;701.2;780.00
04/02/2020_05:10:17;19.5;45.3;913;715.2;780.00
04/02/2020_05:15:17;19.5;45.2;921;732.2;800.00
04/02/2020_05:20:17;19.7;45.1;916;753.3;790.00
04/02/2020_05:25:17;19.5;45.4;930;744.2;810.00
04/02/2020_05:30:17;19.6;45.4;938;765.2;820.00
04/02/2020_05:35:17;19.6;45.3;953;792.6;820.00
04/02/2020_05:40:17;19.6;45.4;962;778.9;830.00
04/02/2020_05:45:17;19.6;45.7;958;755.6;840.00
04/02/2020_05:50:17;19.6;45.4;969;784.9;840.00
04/02/2020_05:55:17;19.5;45.7;981;803.6;850.00
04/02/2020_06:00:17;19.5;45.9;990;811.5;850.00
04/02/2020_06:05:17;19.6;45.6;992;800.7;870.00
04/02/2020_06:10:17;19.6;45.9;1007;799.9;870.00
04/02/2020_06:15:17;19.5;45.9;1007;820.4;870.00
04/02/2020_06:20:17;19.7;45.7;1010;815.5;880.00
04/02/2020_06:25:17;19.6;45.9;1012;819.1;890.00
04/02/2020_06:30:17;19.5;45.9;1027;823.1;880.00
04/02/2020_06:35:17;19.5;46.1;1016;845.8;890.00
04/02/2020_06:40:17;19.5;46.2;1021;838.9;890.00
04/02/2020_06:45:17;19.6;45.9;1018;830.8;900.00
04/02/2020_06:50:17;19.5;46.1;1021;827.9;900.00
04/02/2020_06:55:17;19.5;46.1;1027;833.9;900.00
04/02/2020_07:00:17;19.5;46.1;1032;857.6;900.00
04/02/2020_07:05:17;19.6;46.0;1024;833.2;900.00
04/02/2020_07:10:17;19.6;46.0;1036;826.9;900.00
04/02/2020_07:15:17;19.5;46.1;1035;836.7;910.00
04/02/2020_07:20:17;19.6;46.0;1041;872.1;920.00
04/02/2020_07:25:17;19.6;46.4;1044;859.1;920.00
04/02/2020_07:30:17;19.6;46.1;1053;855.2;920.00
04/02/2020_07:35:17;19.7;46.0;1046;859.2;930.00
04/02/2020_07:40:17;19.6;46.1;1061;879.3;930.00
04/02/2020_07:45:17;19.7;46.1;1064;845.8;930.00
04/02/2020_07:50:17;19.7;45.9;1069;859.5;930.00
04/02/2020_07:55:17;19.7;46.1;1061;851.8;940.00
04/02/2020_08:00:17;19.7;45.9;1061;879.4;930.00
04/02/2020_08:05:17;19.7;46.0;1061;864.4;930.00
04/02/2020_08:10:17;19.8;45.8;1058;858.3;930.00
04/02/2020_08:15:17;19.8;45.7;1055;882.8;930.00
04/02/2020_08:20:17;19.9;45.6;1056;891.7;930.00
04/02/2020_08:25:17;19.7;45.9;1055;865.2;930.00
04/02/2020_08:30:17;19.9;45.7;1052;860.1;930.00
04/02/2020_08:35:17;19.9;45.5;1064;864.4;930.00
04/02/2020_08:40:17;19.9;45.6;1075;886.5;940.00
04/02/2020_08:45:17;20.0;45.7;1072;885.8;940.00
04/02/2020_08:50:17;20.0;45.8;1084;872.3;960.00
04/02/2020_08:55:17;19.9;45.8;1084;901.7;950.00
04/02/2020_09:00:17;20.1;45.3;1092;916.5;960.00
04/02/2020_09:05:17;20.0;45.6;1095;897.4;950.00
04/02/2020_09:10:17;20.0;45.2;1073;866.2;930.00
04/02/2020_09:15:17;19.9;45.2;1070;863.4;930.00
04/02/2020_09:20:17;19.9;44.8;1049;863.9;920.00
04/02/2020_09:25:17;20.0;44.3;1050;846.8;910.00
04/02/2020_09:30:17;20.1;44.2;1044;843.4;900.00
04/02/2020_09:35:17;20.0;43.9;1018;817.2;890.00
04/02/2020_09:40:17;20.1;43.8;1007;829.1;880.00
04/02/2020_09:45:17;20.1;43.6;996;804.1;860.00
04/02/2020_09:50:17;20.2;43.4;1004;788.1;860.00
04/02/2020_09:55:17;20.2;43.3;987;787.0;860.00
04/02/2020_10:00:17;20.2;43.0;981;787.7;850.00
04/02/2020_10:05:17;20.2;41.5;990;794.3;880.00
04/02/2020_10:10:17;20.1;38.7;921;708.0;770.00
04/02/2020_10:15:17;20.1;37.4;870;656.2;710.00
04/02/2020_10:20:17;20.6;49.5;1389;1656.3;1770.00
04/02/2020_10:25:17;20.8;50.1;1790;1638.8;1800.00
04/02/2020_10:30:17;20.8;49.8;1864;1629.1;1790.00
04/02/2020_10:35:17;20.7;49.2;1827;1570.6;1720.00
04/02/2020_10:40:17;20.9;49.7;1824;1621.9;1730.00
04/02/2020_10:45:17;21.0;49.1;1833;1559.8;1720.00
04/02/2020_10:50:17;21.2;48.8;1824;1562.0;1710.00
04/02/2020_10:55:17;21.2;48.8;1816;1559.0;1720.00
04/02/2020_11:00:17;21.3;48.8;1824;1603.8;1730.00
04/02/2020_11:05:17;21.4;49.4;1853;1630.6;1760.00
04/02/2020_11:10:17;21.3;49.4;1887;1604.5;1760.00
04/02/2020_11:15:17;21.1;33.7;1335;661.8;730.00
04/02/2020_11:20:17;20.9;30.1;901;486.5;550.00
04/02/2020_11:25:17;20.8;28.6;671;379.2;440.00
04/02/2020_11:30:17;20.7;28.9;592;352.1;420.00
04/02/2020_11:35:17;20.6;29.1;557;349.1;410.00
04/02/2020_11:40:17;20.6;29.0;551;372.5;420.00
04/02/2020_11:45:17;20.9;35.5;686;692.8;750.00
04/02/2020_11:50:17;21.1;38.0;870;742.5;840.00
04/02/2020_11:55:17;21.1;38.5;898;686.2;780.00
04/02/2020_12:00:17;21.0;37.2;853;617.7;690.00
04/02/2020_12:05:17;21.0;36.0;777;552.8;630.00
04/02/2020_12:10:17;21.2;36.0;725;498.2;580.00
04/02/2020_12:15:17;21.2;36.5;702;484.3;550.00
04/02/2020_12:20:17;21.2;36.4;663;482.5;520.00
04/02/2020_12:25:17;21.2;36.0;648;456.6;500.00
04/02/2020_12:30:17;21.3;35.2;631;441.8;490.00
04/02/2020_12:35:17;21.3;35.8;629;445.7;510.00
04/02/2020_12:40:17;21.4;36.6;683;531.9;580.00
04/02/2020_12:45:17;21.5;37.3;719;573.1;630.00
04/02/2020_12:50:17;21.5;37.6;745;576.3;640.00
04/02/2020_12:55:17;21.5;37.8;762;582.9;640.00
04/02/2020_13:00:17;21.7;38.4;776;603.6;670.00
04/02/2020_13:05:17;21.6;38.9;807;637.5;700.00
04/02/2020_13:10:17;21.7;39.4;862;691.0;780.00
04/02/2020_13:15:17;21.8;40.2;953;822.6;900.00
04/02/2020_13:20:17;21.8;41.0;1032;873.5;950.00
04/02/2020_13:25:17;22.0;41.4;1053;912.3;950.00
04/02/2020_13:30:17;22.1;42.2;1192;1084.9;1190.00
04/02/2020_13:35:17;22.1;42.1;1280;1058.5;1170.00
04/02/2020_13:40:17;22.0;41.9;1246;1010.1;1110.00
04/02/2020_13:45:17;22.0;41.6;1184;945.9;1030.00
04/02/2020_13:50:17;22.1;41.6;1155;934.2;1020.00
04/02/2020_13:55:17;22.2;42.0;1138;949.8;1020.00
04/02/2020_14:00:17;22.2;43.3;1167;1056.3;1140.00
04/02/2020_14:05:17;22.4;45.0;1300;1177.5;1270.00
04/02/2020_14:10:17;22.4;45.3;1317;1093.9;1180.00
04/02/2020_14:15:17;22.4;45.2;1275;1073.3;1160.00
04/02/2020_14:20:17;22.4;44.7;1240;1045.3;1130.00
04/02/2020_14:25:17;22.4;44.5;1246;1075.9;1160.00
04/02/2020_14:30:17;22.4;44.3;1246;1057.5;1140.00
04/02/2020_14:35:17;22.4;44.1;1237;1067.5;1140.00
04/02/2020_14:40:17;22.5;43.4;1226;1037.5;1110.00
04/02/2020_14:45:17;22.6;43.3;1209;1037.6;1080.00
04/02/2020_14:50:17;22.7;43.5;1198;1032.6;1100.00
04/02/2020_14:55:17;22.5;43.1;1169;975.6;1030.00
04/02/2020_15:00:17;22.5;42.2;1113;866.1;960.00
04/02/2020_15:05:17;22.7;40.8;973;754.1;810.00
04/02/2020_15:10:17;22.6;41.4;935;784.9;820.00
04/02/2020_15:15:17;22.7;41.7;950;786.5;830.00
04/02/2020_15:20:17;22.7;41.3;942;768.9;820.00
04/02/2020_15:25:17;22.7;41.7;921;810.2;810.00
04/02/2020_15:30:17;22.7;41.5;925;750.5;810.00
04/02/2020_15:35:17;22.8;41.7;925;794.6;830.00
04/02/2020_15:40:17;22.8;41.7;947;803.2;840.00
04/02/2020_15:45:17;22.7;42.0;950;817.7;840.00
04/02/2020_15:50:17;22.8;41.9;953;812.9;850.00
04/02/2020_15:55:17;22.7;41.8;952;784.6;840.00
04/02/2020_16:00:17;22.7;41.9;944;806.1;830.00
04/02/2020_16:05:17;22.9;41.5;933;796.6;810.00
04/02/2020_16:10:17;23.0;41.3;924;783.3;820.00
04/02/2020_16:15:17;23.1;41.2;941;789.0;830.00
04/02/2020_16:20:17;23.0;41.1;942;764.8;820.00
04/02/2020_16:25:17;22.9;41.5;930;787.4;820.00
04/02/2020_16:30:17;22.9;41.5;927;780.4;810.00
04/02/2020_16:35:17;22.9;41.7;936;772.0;830.00
04/02/2020_16:40:17;22.9;41.7;941;772.7;840.00
04/02/2020_16:45:17;23.0;41.8;944;796.5;850.00
04/02/2020_16:50:17;22.9;42.0;956;794.9;850.00
04/02/2020_16:55:17;22.9;41.6;973;779.5;870.00
04/02/2020_17:00:17;23.0;41.8;958;786.0;860.00
04/02/2020_17:05:17;23.0;41.8;1002;861.2;910.00
04/02/2020_17:10:17;23.0;42.6;1092;988.3;1080.00
04/02/2020_17:15:17;23.1;42.9;1215;1080.9;1170.00
04/02/2020_17:20:17;23.0;44.1;1272;1147.6;1210.00
04/02/2020_17:25:17;23.0;44.2;1300;1158.7;1240.00
04/02/2020_17:30:17;23.1;44.4;1306;1167.7;1220.00
04/02/2020_17:35:17;23.0;44.2;1303;1136.9;1210.00
04/02/2020_17:40:17;23.1;44.0;1326;1140.1;1220.00
04/02/2020_17:45:17;23.1;43.8;1297;1113.6;1180.00
04/02/2020_17:50:17;23.2;43.9;1289;1145.3;1190.00
04/02/2020_17:55:17;23.0;43.7;1298;1117.6;1190.00
04/02/2020_18:00:17;23.1;43.8;1294;1116.5;1170.00
04/02/2020_18:05:17;23.1;43.5;1269;1128.7;1160.00
04/02/2020_18:10:17;23.0;40.5;1115;869.2;900.00
04/02/2020_18:15:17;22.7;38.2;918;645.4;700.00
04/02/2020_18:20:17;23.0;36.8;765;522.9;560.00
04/02/2020_18:25:17;22.9;38.3;711;716.1;770.00
04/02/2020_18:30:17;23.0;40.8;930;850.9;920.00
04/02/2020_18:35:17;22.8;41.1;993;869.3;920.00
04/02/2020_18:40:17;22.8;41.4;1007;852.7;910.00
04/02/2020_18:45:17;22.8;41.6;1021;887.4;910.00
04/02/2020_18:50:17;22.7;41.6;1021;852.9;880.00
04/02/2020_18:55:17;22.7;41.5;979;833.4;870.00
04/02/2020_19:00:17;22.6;41.5;967;791.0;850.00
04/02/2020_19:05:17;22.5;41.6;956;823.0;840.00
04/02/2020_19:10:17;22.4;41.5;939;806.1;810.00
04/02/2020_19:15:17;22.4;41.8;938;798.8;810.00
04/02/2020_19:20:17;22.3;42.2;927;786.9;820.00
04/02/2020_19:25:17;22.2;42.0;908;747.0;760.00
04/02/2020_19:30:17;22.1;41.9;890;729.6;750.00
04/02/2020_19:35:17;22.1;41.7;848;665.3;700.00
04/02/2020_19:40:17;22.1;41.7;805;646.9;670.00
04/02/2020_19:45:17;22.3;42.1;793;642.3;670.00
04/02/2020_19:50:17;22.3;42.9;782;656.8;670.00
04/02/2020_19:55:17;22.3;42.9;800;660.6;690.00
04/02/2020_20:00:17;22.2;43.4;861;738.8;810.00
04/02/2020_20:05:17;22.2;43.2;899;779.3;810.00
04/02/2020_20:10:17;22.4;43.3;936;829.8;850.00
04/02/2020_20:15:17;22.4;44.0;995;890.8;940.00
04/02/2020_20:20:17;22.4;44.4;1073;957.9;1000.00
04/02/2020_20:25:17;22.4;44.5;1107;984.5;1030.00
04/02/2020_20:30:17;22.3;45.2;1146;1052.9;1070.00
04/02/2020_20:35:17;22.4;45.3;1166;1030.3;1080.00
04/02/2020_20:40:17;22.3;45.6;1195;1065.4;1110.00
04/02/2020_20:45:17;22.3;45.6;1212;1069.1;1130.00
04/02/2020_20:50:17;22.2;46.0;1256;1143.1;1190.00
04/02/2020_20:55:17;22.2;45.7;1273;1105.9;1150.00
04/02/2020_21:00:17;22.1;45.6;1246;1081.9;1140.00
04/02/2020_21:05:17;22.2;45.9;1246;1103.9;1150.00
04/02/2020_21:10:17;22.2;46.0;1286;1192.8;1220.00
04/02/2020_21:15:17;22.3;46.1;1319;1188.4;1250.00
04/02/2020_21:20:17;22.3;46.5;1357;1235.8;1280.00
04/02/2020_21:25:17;22.3;46.4;1378;1258.8;1310.00
04/02/2020_21:30:17;22.3;46.4;1423;1281.2;1340.00
04/02/2020_21:35:17;22.3;46.4;1417;1253.5;1330.00
04/02/2020_21:40:17;22.4;46.6;1438;1290.6;1360.00
04/02/2020_21:45:17;22.3;46.9;1460;1325.2;1380.00
04/02/2020_21:50:17;22.2;46.8;1477;1303.8;1360.00
04/02/2020_21:55:17;22.2;45.2;1449;1162.5;1230.00
04/02/2020_22:00:17;21.7;45.1;1272;1033.5;1090.00
04/02/2020_22:05:17;21.5;43.9;1143;924.9;970.00
04/02/2020_22:10:17;21.3;43.8;1039;885.5;880.00
04/02/2020_22:15:17;21.3;43.0;976;772.8;820.00
04/02/2020_22:20:17;21.2;42.4;896;688.7;740.00
04/02/2020_22:25:17;21.2;42.0;839;623.8;690.00
04/02/2020_22:30:17;21.0;42.0;782;593.9;640.00
04/02/2020_22:35:17;20.9;42.0;739;569.7;590.00
04/02/2020_22:40:17;21.0;41.7;705;525.0;570.00
04/02/2020_22:45:17;20.7;41.9;683;505.4;550.00
04/02/2020_22:50:17;20.7;41.9;656;499.7;530.00
04/02/2020_22:55:17;20.7;41.8;642;478.3;510.00
04/02/2020_23:00:17;20.7;41.6;617;440.4;490.00
04/02/2020_23:05:17;20.6;41.7;614;444.3;480.00
04/02/2020_23:10:17;20.5;41.7;614;454.0;480.00
04/02/2020_23:15:17;20.5;41.6;586;433.9;470.00
04/02/2020_23:20:17;20.4;41.5;583;411.7;460.00
04/02/2020_23:25:17;20.3;41.6;574;415.7;450.00
04/02/2020_23:30:17;20.3;41.5;583;429.2;450.00
04/02/2020_23:35:17;20.3;41.8;569;416.9;440.00
04/02/2020_23:40:17;20.2;41.7;571;402.8;440.00
04/02/2020_23:45:17;20.3;41.3;565;411.4;440.00
04/02/2020_23:50:17;20.2;41.3;566;415.9;430.00
04/02/2020_23:55:17;20.2;41.2;552;423.7;440.00
05/02/2020_00:00:17;20.1;41.4;551;400.5;430.00
05/02/2020_00:05:17;20.1;41.2;549;420.6;430.00
05/02/2020_00:10:17;20.2;41.2;557;417.4;430.00
05/02/2020_00:15:17;20.0;40.9;554;408.4;420.00
05/02/2020_00:20:17;19.9;41.0;557;393.2;430.00
05/02/2020_00:25:17;20.0;40.9;560;397.2;430.00
05/02/2020_00:30:17;19.9;40.9;557;428.8;430.00
05/02/2020_00:35:17;19.9;41.1;568;428.9;440.00
05/02/2020_00:40:17;19.8;41.0;574;410.9;450.00
05/02/2020_00:45:17;19.8;41.0;566;425.1;440.00
05/02/2020_00:50:17;19.7;41.3;565;418.6;450.00
05/02/2020_00:55:17;19.7;41.0;574;420.8;450.00
05/02/2020_01:00:17;19.5;41.2;569;438.0;450.00
05/02/2020_01:05:17;19.4;41.3;583;420.8;470.00
05/02/2020_01:10:17;19.3;41.5;577;450.7;460.00
05/02/2020_01:15:17;19.3;41.5;583;447.2;460.00
05/02/2020_01:20:17;19.3;41.5;583;430.8;460.00
05/02/2020_01:25:17;19.4;41.3;577;452.1;460.00
05/02/2020_01:30:17;19.3;41.6;580;446.9;460.00
05/02/2020_01:35:17;19.1;41.4;592;471.0;460.00
05/02/2020_01:40:17;19.0;41.1;594;459.5;460.00
05/02/2020_01:45:17;18.9;41.5;588;444.4;470.00
05/02/2020_01:50:17;18.8;41.3;588;472.0;470.00
05/02/2020_01:55:17;18.8;41.2;597;521.3;470.00
05/02/2020_02:00:17;18.8;40.9;609;499.4;470.00
05/02/2020_02:05:17;18.9;41.1;594;521.5;480.00
05/02/2020_02:10:17;18.7;40.8;611;532.4;490.00
05/02/2020_02:15:17;18.5;40.9;617;526.1;480.00
05/02/2020_02:20:17;18.6;40.5;617;521.1;480.00
05/02/2020_02:25:17;18.6;40.5;611;523.8;470.00
05/02/2020_02:30:17;18.6;39.9;614;519.8;480.00
05/02/2020_02:35:17;18.5;39.7;609;503.8;460.00
05/02/2020_02:40:17;18.6;39.5;591;500.6;470.00
05/02/2020_02:45:17;18.7;39.2;602;545.4;480.00
05/02/2020_02:50:17;18.6;39.2;606;544.4;470.00
05/02/2020_02:55:17;18.6;38.6;606;506.9;480.00
05/02/2020_03:00:17;18.5;38.6;608;470.3;480.00
05/02/2020_03:05:17;18.4;38.6;608;492.5;480.00
05/02/2020_03:10:17;18.4;38.6;614;530.8;490.00
05/02/2020_03:15:17;18.3;38.2;623;558.6;500.00
05/02/2020_03:20:17;18.3;37.9;611;508.4;490.00
05/02/2020_03:25:17;18.2;38.2;625;524.3;490.00
05/02/2020_03:30:17;18.1;38.4;626;511.8;490.00
05/02/2020_03:35:17;18.1;38.3;623;520.1;490.00
05/02/2020_03:40:17;18.2;38.0;625;591.9;500.00
05/02/2020_03:45:17;18.2;37.8;628;603.9;500.00
05/02/2020_03:50:17;18.3;37.6;634;610.3;500.00
05/02/2020_03:55:17;18.2;37.3;623;595.1;500.00
05/02/2020_04:00:17;18.1;37.3;631;571.1;500.00
05/02/2020_04:05:17;18.2;37.2;628;569.2;490.00
05/02/2020_04:10:17;18.1;37.1;626;570.1;490.00
05/02/2020_04:15:17;18.0;37.1;629;527.8;490.00
05/02/2020_04:20:17;18.0;37.5;631;528.0;490.00
05/02/2020_04:25:17;18.1;37.4;631;546.5;490.00
05/02/2020_04:30:17;17.9;37.6;634;536.2;500.00
05/02/2020_04:35:17;17.8;37.7;631;532.9;500.00
05/02/2020_04:40:17;17.8;37.8;622;527.0;490.00
05/02/2020_04:45:17;17.8;37.8;614;526.3;480.00
05/02/2020_04:50:17;17.8;37.4;617;527.7;470.00
05/02/2020_04:55:17;17.7;37.0;595;520.7;460.00
05/02/2020_05:00:17;17.7;37.2;614;566.9;460.00
05/02/2020_05:05:17;17.6;37.4;605;559.6;470.00
05/02/2020_05:10:17;17.7;37.6;606;576.3;470.00
05/02/2020_05:15:17;17.5;37.7;612;556.6;480.00
05/02/2020_05:20:17;17.4;37.9;611;586.8;470.00
05/02/2020_05:25:17;17.5;37.7;602;674.8;470.00
05/02/2020_05:30:17;17.3;38.0;603;646.8;470.00
05/02/2020_05:35:17;17.5;37.6;600;669.3;470.00
05/02/2020_05:40:17;17.4;37.6;605;600.4;470.00
05/02/2020_05:45:17;17.4;37.7;596;541.6;470.00
05/02/2020_05:50:17;17.5;37.5;608;596.0;460.00
05/02/2020_05:55:17;17.4;37.4;600;579.7;460.00
05/02/2020_06:00:17;17.2;37.9;608;594.3;470.00
05/02/2020_06:05:17;17.4;37.9;608;569.4;470.00
05/02/2020_06:10:17;17.3;38.1;602;537.5;470.00
05/02/2020_06:15:17;17.4;37.3;606;678.1;470.00
05/02/2020_06:20:17;17.5;36.5;597;552.3;460.00
05/02/2020_06:25:17;17.5;36.5;594;496.6;460.00
05/02/2020_06:30:17;17.5;36.6;602;516.0;460.00
05/02/2020_06:35:17;17.4;36.8;603;550.0;460.00
05/02/2020_06:40:17;17.6;36.3;594;486.4;460.00
05/02/2020_06:45:17;17.6;36.1;605;467.9;460.00
05/02/2020_06:50:17;17.4;36.5;605;469.3;460.00
05/02/2020_06:55:17;17.5;35.8;586;486.6;450.00
05/02/2020_07:00:17;17.7;35.4;583;474.6;450.00
05/02/2020_07:05:17;17.8;35.3;588;461.7;450.00
05/02/2020_07:10:17;17.7;35.6;588;453.5;450.00
05/02/2020_07:15:17;17.7;35.2;586;485.4;450.00
05/02/2020_07:20:17;17.8;34.8;583;461.0;450.00
05/02/2020_07:25:17;17.7;35.3;583;468.0;450.00
05/02/2020_07:30:17;17.9;34.7;588;457.1;450.00
05/02/2020_07:35:17;17.8;34.7;574;471.3;450.00
05/02/2020_07:40:17;18.0;34.4;583;470.0;450.00
05/02/2020_07:45:17;17.9;34.3;571;468.2;450.00
05/02/2020_07:50:17;17.9;34.4;585;458.4;450.00
05/02/2020_07:55:17;18.1;34.2;585;442.7;450.00
05/02/2020_08:00:17;18.1;34.2;580;466.1;440.00
05/02/2020_08:05:17;18.1;34.2;577;446.5;440.00
05/02/2020_08:10:17;18.1;34.2;577;449.2;440.00
05/02/2020_08:15:17;18.2;34.6;580;458.7;450.00
05/02/2020_08:20:17;18.4;34.7;580;463.9;450.00
05/02/2020_08:25:17;18.4;34.9;577;450.6;450.00
05/02/2020_08:30:17;18.5;38.2;787;712.5;740.00
05/02/2020_08:35:17;18.6;38.4;819;700.4;720.00
05/02/2020_08:40:17;18.6;37.7;819;641.6;690.00
05/02/2020_08:45:17;18.6;37.3;796;638.2;660.00
05/02/2020_08:50:17;18.7;37.1;767;630.5;630.00
05/02/2020_08:55:17;18.9;36.4;759;601.4;600.00
05/02/2020_09:00:17;19.0;36.0;737;569.8;580.00
05/02/2020_09:05:17;19.2;35.1;699;537.9;560.00
05/02/2020_09:10:17;19.3;34.6;688;517.1;550.00
05/02/2020_09:15:17;19.2;34.0;665;493.4;520.00
05/02/2020_09:20:17;19.3;33.9;652;492.7;500.00
05/02/2020_09:25:17;19.3;33.9;623;460.7;490.00
05/02/2020_09:30:17;19.3;33.5;614;457.9;480.00
05/02/2020_09:35:17;19.3;33.8;611;467.9;470.00
05/02/2020_09:40:17;19.4;33.7;600;457.5;460.00
05/02/2020_09:45:17;19.5;34.0;588;429.3;460.00
05/02/2020_09:50:17;19.5;34.3;582;442.0;450.00
05/02/2020_09:55:17;19.5;34.5;580;446.6;450.00
05/02/2020_10:00:17;19.5;34.5;575;443.7;440.00
05/02/2020_10:05:17;19.6;34.7;568;421.9;430.00
05/02/2020_10:10:17;19.6;35.4;571;464.2;470.00
05/02/2020_10:15:17;19.9;36.9;697;633.6;630.00
05/02/2020_10:20:17;19.9;36.3;694;585.4;570.00
05/02/2020_10:25:17;20.0;36.3;699;554.9;580.00
05/02/2020_10:30:17;20.0;36.5;714;533.0;570.00
05/02/2020_10:35:17;20.0;36.7;703;550.9;570.00
05/02/2020_10:40:17;20.0;36.8;702;546.1;570.00
05/02/2020_10:45:17;20.0;36.9;693;549.2;560.00
05/02/2020_10:50:17;20.1;37.0;705;552.5;570.00
05/02/2020_10:55:17;20.1;37.2;703;550.5;570.00
05/02/2020_11:00:17;20.2;39.3;727;730.0;730.00
05/02/2020_11:05:17;20.4;44.7;1129;1150.5;1170.00
05/02/2020_11:10:17;20.5;44.1;1229;1129.4;1150.00
05/02/2020_11:15:17;20.7;42.9;1223;1075.5;1090.00
05/02/2020_11:20:17;20.6;43.0;1135;945.3;960.00
05/02/2020_11:25:17;20.8;42.5;990;737.3;770.00
05/02/2020_11:30:17;20.8;42.3;908;704.8;750.00
05/02/2020_11:35:17;21.0;42.2;910;720.2;770.00
05/02/2020_11:40:17;21.2;42.2;844;663.5;690.00
05/02/2020_11:45:17;21.1;42.7;879;692.1;730.00
05/02/2020_11:50:17;21.2;42.9;856;707.6;730.00
05/02/2020_11:55:17;21.2;43.1;870;722.5;740.00
05/02/2020_12:00:17;21.3;43.4;865;753.1;730.00
05/02/2020_12:05:17;21.4;43.3;865;710.5;750.00
05/02/2020_12:10:17;21.5;43.7;873;718.6;760.00
05/02/2020_12:15:17;21.6;43.7;890;718.7;760.00
05/02/2020_12:20:17;21.5;43.9;891;729.6;770.00
05/02/2020_12:25:17;21.6;44.0;888;733.4;760.00
05/02/2020_12:30:17;21.7;44.0;884;955.8;770.00
05/02/2020_12:35:17;21.7;43.7;876;735.2;720.00
05/02/2020_12:40:17;21.8;43.8;859;767.9;750.00
05/02/2020_12:45:17;21.8;43.9;870;764.8;760.00
05/02/2020_12:50:17;21.8;44.2;879;716.8;760.00
05/02/2020_12:55:17;21.9;44.2;885;751.7;770.00
05/02/2020_13:00:17;22.0;44.6;907;825.4;790.00
05/02/2020_13:05:17;22.0;45.1;935;949.1;860.00
05/02/2020_13:10:17;22.1;45.0;962;844.7;870.00
05/02/2020_13:15:17;22.2;45.0;996;856.0;880.00
05/02/2020_13:20:17;22.2;45.4;992;844.5;860.00
05/02/2020_13:25:17;22.2;45.8;999;895.1;900.00
05/02/2020_13:30:17;22.2;46.4;1064;970.0;990.00
05/02/2020_13:35:17;22.3;46.6;1081;949.1;940.00
05/02/2020_13:40:17;22.4;47.0;1078;935.5;960.00
05/02/2020_13:45:17;22.5;47.3;1093;945.3;990.00
05/02/2020_13:50:17;22.4;47.8;1098;946.8;1000.00
05/02/2020_13:55:17;22.5;47.5;1064;892.2;940.00
05/02/2020_14:00:17;22.5;47.5;1059;946.2;930.00
05/02/2020_14:05:17;22.6;47.8;1047;892.1;930.00
05/02/2020_14:10:17;22.6;47.9;1083;960.5;1000.00
05/02/2020_14:15:17;22.6;48.2;1132;1130.3;1010.00
05/02/2020_14:20:17;22.6;48.1;1098;1015.8;1000.00
05/02/2020_14:25:17;22.7;47.9;1089;1047.9;1010.00
05/02/2020_14:30:17;22.8;48.5;1124;1075.5;1010.00
05/02/2020_14:35:17;22.9;48.0;1130;1138.5;1030.00
05/02/2020_14:40:17;22.9;47.9;1141;1165.5;1050.00
05/02/2020_14:45:17;23.1;47.5;1147;1066.0;1040.00
05/02/2020_14:50:17;23.2;47.3;1133;1023.3;1010.00
05/02/2020_14:55:17;23.2;47.7;1106;1006.1;1000.00
05/02/2020_15:00:17;23.2;47.1;1109;1011.6;1000.00
05/02/2020_15:05:17;23.2;47.0;1098;988.0;990.00
05/02/2020_15:10:17;23.3;46.5;1089;985.3;980.00
05/02/2020_15:15:17;23.3;46.8;1107;998.3;1000.00
05/02/2020_15:20:17;23.4;46.4;1127;1019.7;1030.00
05/02/2020_15:25:17;23.4;46.5;1112;1015.3;1010.00
05/02/2020_15:30:17;23.5;46.4;1103;985.1;1000.00
05/02/2020_15:35:17;23.4;46.3;1101;1032.9;1000.00
05/02/2020_15:40:17;23.5;46.5;1106;1026.6;1010.00
05/02/2020_15:45:17;23.6;46.2;1123;1039.9;1020.00
05/02/2020_15:50:17;23.6;46.0;1116;998.7;1020.00
05/02/2020_15:55:17;23.5;46.0;1126;1061.0;1040.00
05/02/2020_16:00:17;23.6;45.7;1129;1128.3;1030.00
05/02/2020_16:05:17;23.6;45.9;1150;1070.1;1050.00
05/02/2020_16:10:17;23.6;45.8;1149;1076.1;1050.00
05/02/2020_16:15:17;23.6;45.4;1152;1050.1;1050.00
05/02/2020_16:20:17;23.6;45.4;1147;1048.9;1050.00
05/02/2020_16:25:17;23.6;45.5;1132;1090.3;1020.00
05/02/2020_16:30:17;23.6;45.2;1138;1021.7;1020.00
05/02/2020_16:35:17;23.8;44.5;1116;1042.2;1010.00
05/02/2020_16:40:17;23.9;44.0;1098;1061.0;960.00
05/02/2020_16:45:17;23.8;43.6;1075;1000.0;940.00
05/02/2020_16:50:17;23.8;43.6;1041;972.4;930.00
05/02/2020_16:55:17;24.1;42.5;1035;963.3;880.00
05/02/2020_17:00:17;24.1;40.9;1001;813.5;750.00
05/02/2020_17:05:17;23.8;42.4;965;797.1;840.00
05/02/2020_17:10:17;23.7;43.2;964;809.3;870.00
05/02/2020_17:15:17;23.7;43.4;992;794.4;870.00
05/02/2020_17:20:17;23.7;43.2;973;785.0;820.00
05/02/2020_17:25:17;23.6;43.6;927;761.6;820.00
05/02/2020_17:30:17;23.7;43.4;918;728.3;800.00
05/02/2020_17:35:17;23.6;43.7;913;716.6;790.00
05/02/2020_17:40:17;23.5;43.9;898;729.5;800.00
05/02/2020_17:45:17;23.6;43.8;913;736.6;790.00
05/02/2020_17:50:17;23.4;44.3;905;734.2;800.00
05/02/2020_17:55:17;23.4;44.4;913;745.1;800.00
05/02/2020_18:00:17;23.4;44.6;910;761.0;810.00
05/02/2020_18:05:17;23.5;44.9;939;767.5;830.00
05/02/2020_18:10:17;23.6;44.8;935;759.5;830.00
05/02/2020_18:15:17;23.8;44.5;958;769.0;840.00
05/02/2020_18:20:17;23.7;46.9;953;757.0;830.00
05/02/2020_18:25:17;23.4;43.2;742;536.8;550.00
05/02/2020_18:30:17;23.5;42.3;657;466.7;520.00
05/02/2020_18:35:17;23.4;41.6;637;474.9;510.00
05/02/2020_18:40:17;23.0;42.5;605;454.0;490.00
05/02/2020_18:45:17;23.0;43.2;608;469.0;500.00
05/02/2020_18:50:17;22.7;44.2;632;493.6;570.00
05/02/2020_18:55:17;22.6;43.3;611;447.8;500.00
05/02/2020_19:00:17;22.6;44.1;628;484.3;530.00
05/02/2020_19:05:17;22.5;44.6;643;535.9;530.00
05/02/2020_19:10:17;22.1;44.2;614;473.4;480.00
05/02/2020_19:15:17;22.0;45.3;631;502.9;530.00
05/02/2020_19:20:17;21.9;44.5;620;470.7;510.00
05/02/2020_19:25:17;21.7;44.0;574;422.4;440.00
05/02/2020_19:30:17;21.8;44.3;560;415.9;450.00
05/02/2020_19:35:17;22.2;47.0;697;652.8;660.00
05/02/2020_19:40:17;22.3;47.1;754;669.0;660.00
05/02/2020_19:45:17;22.5;47.4;773;701.8;670.00
05/02/2020_19:50:17;22.5;47.5;797;724.6;700.00
05/02/2020_19:55:17;22.5;47.4;813;742.5;720.00
05/02/2020_20:00:17;22.5;47.4;830;769.0;710.00
05/02/2020_20:05:17;22.5;47.4;839;832.2;720.00
05/02/2020_20:10:17;22.4;47.6;828;773.7;710.00
05/02/2020_20:15:17;22.4;47.3;844;796.3;740.00
05/02/2020_20:20:17;22.4;47.2;842;792.1;730.00
05/02/2020_20:25:17;22.3;47.5;851;718.3;740.00
05/02/2020_20:30:17;22.3;47.5;850;721.3;740.00
05/02/2020_20:35:17;22.4;47.2;876;728.8;760.00
05/02/2020_20:40:17;22.2;47.5;876;736.6;770.00
05/02/2020_20:45:17;22.1;47.8;879;769.2;770.00
05/02/2020_20:50:17;22.0;48.0;896;757.6;780.00
05/02/2020_20:55:17;22.0;48.0;893;767.4;770.00
05/02/2020_21:00:17;21.9;48.1;887;762.6;780.00
05/02/2020_21:05:17;22.0;47.8;896;810.8;780.00
05/02/2020_21:10:17;21.8;48.0;879;802.2;780.00
05/02/2020_21:15:17;21.9;47.8;895;815.0;780.00
05/02/2020_21:20:17;21.9;47.8;898;794.7;780.00
05/02/2020_21:25:17;21.9;47.7;899;784.6;770.00
05/02/2020_21:30:17;21.8;48.0;901;769.6;780.00
05/02/2020_21:35:17;21.6;48.3;898;776.8;780.00
05/02/2020_21:40:17;21.7;48.2;893;812.5;780.00
05/02/2020_21:45:17;21.7;48.1;896;839.0;780.00
05/02/2020_21:50:17;21.6;48.3;890;896.8;780.00
05/02/2020_21:55:17;21.6;48.3;896;875.3;780.00
05/02/2020_22:00:17;21.6;48.2;905;882.3;790.00
05/02/2020_22:05:17;21.6;48.2;904;845.2;780.00
05/02/2020_22:10:17;21.5;48.3;910;852.1;780.00
05/02/2020_22:15:17;21.4;48.6;905;861.3;790.00
05/02/2020_22:20:17;21.5;48.4;901;884.4;790.00
05/02/2020_22:25:17;21.4;48.5;908;1037.6;790.00
05/02/2020_22:30:17;21.5;48.6;919;1046.8;800.00
05/02/2020_22:35:17;21.4;48.6;916;824.5;800.00
05/02/2020_22:40:17;21.3;48.6;921;790.9;810.00
05/02/2020_22:45:17;21.4;48.5;914;823.5;810.00
05/02/2020_22:50:17;21.2;48.5;893;759.8;760.00
05/02/2020_22:55:17;20.9;48.3;840;693.9;700.00
05/02/2020_23:00:17;20.7;48.1;797;621.1;650.00
05/02/2020_23:05:17;20.5;48.2;756;606.7;610.00
05/02/2020_23:10:17;20.4;48.0;730;569.1;590.00
05/02/2020_23:15:17;20.5;47.8;711;555.6;570.00
05/02/2020_23:20:17;20.3;47.8;691;521.1;560.00
05/02/2020_23:25:17;20.3;47.8;659;527.3;530.00
05/02/2020_23:30:17;20.3;48.2;663;511.4;530.00
05/02/2020_23:35:17;20.2;48.3;649;480.5;510.00
05/02/2020_23:40:17;20.2;48.7;628;489.4;500.00
05/02/2020_23:45:17;20.1;49.2;617;482.9;490.00
05/02/2020_23:50:17;20.1;49.0;612;457.8;480.00
05/02/2020_23:55:17;20.1;49.0;600;447.8;480.00
06/02/2020_00:00:17;20.1;48.9;597;436.9;470.00
06/02/2020_00:05:17;20.0;49.0;589;440.5;470.00
06/02/2020_00:10:17;20.0;49.2;592;456.0;460.00
06/02/2020_00:15:17;20.0;48.9;588;425.4;460.00
06/02/2020_00:20:17;19.9;49.2;580;430.7;450.00
06/02/2020_00:25:17;20.0;48.8;586;455.7;450.00
06/02/2020_00:30:17;20.0;48.2;589;454.1;460.00
06/02/2020_00:35:17;19.8;48.2;591;432.4;470.00
06/02/2020_00:40:17;19.7;47.9;591;424.5;460.00
06/02/2020_00:45:17;19.8;47.8;597;454.3;460.00
06/02/2020_00:50:17;19.7;47.2;597;450.4;470.00
06/02/2020_00:55:17;19.7;47.1;591;450.7;460.00
06/02/2020_01:00:17;19.5;47.0;586;459.8;470.00
06/02/2020_01:05:17;19.5;46.5;603;469.2;470.00
06/02/2020_01:10:17;19.5;46.5;599;461.9;470.00
06/02/2020_01:15:17;19.4;46.3;603;460.7;470.00
06/02/2020_01:20:17;19.3;46.4;597;453.2;470.00
06/02/2020_01:25:17;19.4;46.2;597;442.1;470.00
06/02/2020_01:30:17;19.4;46.0;588;481.4;470.00
06/02/2020_01:35:17;19.4;46.5;600;469.4;490.00
06/02/2020_01:40:17;19.3;46.3;609;456.7;480.00
06/02/2020_01:45:17;19.3;46.2;602;455.8;480.00
06/02/2020_01:50:17;19.3;45.9;596;450.1;470.00
06/02/2020_01:55:17;19.3;45.7;597;448.0;470.00
06/02/2020_02:00:17;19.3;46.0;589;446.1;470.00
06/02/2020_02:05:17;19.2;46.0;599;477.4;460.00
06/02/2020_02:10:17;19.2;45.8;597;472.7;470.00
06/02/2020_02:15:17;19.2;45.9;594;464.2;470.00
06/02/2020_02:20:17;19.0;45.8;614;473.2;480.00
06/02/2020_02:25:17;19.1;45.5;605;482.6;480.00
06/02/2020_02:30:17;19.0;45.9;606;470.9;480.00
06/02/2020_02:35:17;19.0;45.5;620;465.6;490.00
06/02/2020_02:40:17;19.1;45.3;619;458.4;480.00
06/02/2020_02:45:17;19.1;45.2;608;448.4;470.00
06/02/2020_02:50:17;19.0;45.0;606;462.9;470.00
06/02/2020_02:55:17;19.0;44.7;603;434.7;470.00
06/02/2020_03:00:17;18.9;44.7;588;455.0;460.00
06/02/2020_03:05:17;19.0;44.3;594;430.5;460.00
06/02/2020_03:10:17;18.9;44.2;589;442.3;450.00
06/02/2020_03:15:17;18.9;43.8;574;458.7;450.00
06/02/2020_03:20:17;18.9;43.9;582;444.1;450.00
06/02/2020_03:25:17;18.8;43.5;583;442.6;450.00
06/02/2020_03:30:17;18.9;43.5;577;443.3;450.00
06/02/2020_03:35:17;18.8;43.4;582;435.5;450.00
06/02/2020_03:40:17;18.8;43.4;588;441.5;450.00
06/02/2020_03:45:17;18.9;43.3;586;448.2;450.00
06/02/2020_03:50:17;18.8;43.1;580;443.9;460.00
06/02/2020_03:55:17;18.8;43.2;594;460.1;460.00
06/02/2020_04:00:17;18.8;43.0;587;445.6;450.00
06/02/2020_04:05:18;18.7;43.1;583;482.5;460.00
06/02/2020_04:10:18;18.6;43.3;597;479.9;470.00
06/02/2020_04:15:18;18.8;43.2;611;476.8;480.00
06/02/2020_04:20:18;18.7;43.1;614;483.0;480.00
06/02/2020_04:25:18;18.6;43.0;611;494.2;480.00
06/02/2020_04:30:18;18.6;42.7;609;505.5;470.00
06/02/2020_04:35:18;18.6;42.7;599;493.1;470.00
06/02/2020_04:40:18;18.5;42.7;597;461.7;470.00
06/02/2020_04:45:18;18.6;42.7;606;478.8;460.00
06/02/2020_04:50:18;18.6;42.2;603;485.5;460.00
06/02/2020_04:55:18;18.6;41.9;596;469.9;460.00
06/02/2020_05:00:18;18.6;41.8;597;489.5;460.00
06/02/2020_05:05:18;18.6;41.5;589;498.3;450.00
06/02/2020_05:10:18;18.6;41.6;571;678.2;450.00
06/02/2020_05:15:18;18.6;41.5;580;538.8;450.00
06/02/2020_05:20:18;18.6;41.4;577;563.9;450.00
06/02/2020_05:25:18;18.6;41.5;572;524.9;450.00
06/02/2020_05:30:18;18.6;41.2;568;501.4;450.00
06/02/2020_05:35:18;18.4;41.3;580;500.0;460.00
06/02/2020_05:40:18;18.4;41.3;591;490.4;450.00
06/02/2020_05:45:18;18.5;41.0;583;493.1;450.00
06/02/2020_05:50:18;18.5;41.3;585;501.4;450.00
06/02/2020_05:55:18;18.4;40.8;591;487.2;450.00
06/02/2020_06:00:18;18.4;40.9;577;469.2;450.00
06/02/2020_06:05:18;18.5;40.7;583;451.9;450.00
06/02/2020_06:10:18;18.4;40.5;571;444.2;450.00
06/02/2020_06:15:18;18.4;40.9;588;449.5;450.00
06/02/2020_06:20:18;18.4;40.9;580;453.0;460.00
06/02/2020_06:25:18;18.3;40.9;586;462.6;460.00
06/02/2020_06:30:18;18.2;40.8;585;452.0;460.00
06/02/2020_06:35:18;18.3;40.9;594;464.1;470.00
06/02/2020_06:40:18;18.3;40.9;592;476.8;460.00
06/02/2020_06:45:18;18.3;40.7;586;458.8;460.00
06/02/2020_06:50:18;18.2;40.5;591;473.3;460.00
06/02/2020_06:55:18;18.3;40.3;582;458.9;460.00
06/02/2020_07:00:18;18.3;40.5;586;452.0;450.00
06/02/2020_07:05:18;18.3;40.1;575;439.2;450.00
06/02/2020_07:10:18;18.4;40.2;588;468.1;450.00
06/02/2020_07:15:18;18.4;39.9;585;462.0;450.00
06/02/2020_07:20:18;18.4;40.1;583;444.2;450.00
06/02/2020_07:25:18;18.5;39.8;586;478.2;450.00
06/02/2020_07:30:18;18.5;39.9;582;513.5;450.00
06/02/2020_07:35:18;18.5;39.9;584;515.6;440.00
06/02/2020_07:40:18;18.6;39.9;580;479.1;440.00
06/02/2020_07:45:18;18.7;40.2;583;477.9;450.00
06/02/2020_07:50:18;18.6;40.1;585;479.5;460.00
06/02/2020_07:55:18;18.7;40.3;585;519.7;460.00
06/02/2020_08:00:18;18.7;40.3;577;509.7;450.00
06/02/2020_08:05:18;18.8;40.2;580;510.2;450.00
06/02/2020_08:10:18;18.8;40.4;579;484.4;440.00
06/02/2020_08:15:18;18.8;40.5;571;500.5;440.00
06/02/2020_08:20:18;18.8;40.9;580;487.7;440.00
06/02/2020_08:25:18;18.9;41.0;574;492.8;440.00
06/02/2020_08:30:18;18.8;41.3;568;520.9;430.00
06/02/2020_08:35:18;18.8;41.5;577;512.7;440.00
06/02/2020_08:40:18;18.9;41.5;578;464.5;440.00
06/02/2020_08:45:18;19.0;41.5;571;444.6;440.00
06/02/2020_08:50:18;19.2;41.6;576;462.5;440.00
06/02/2020_08:55:18;19.3;41.6;577;426.3;440.00
06/02/2020_09:00:18;19.5;41.2;583;421.9;450.00
06/02/2020_09:05:18;19.5;41.2;571;421.5;440.00
06/02/2020_09:10:18;19.7;41.1;574;431.4;440.00
06/02/2020_09:15:18;19.9;40.7;569;450.6;430.00
06/02/2020_09:20:18;19.9;40.7;578;420.4;440.00
06/02/2020_09:25:18;19.9;40.5;568;415.0;440.00
06/02/2020_09:30:18;20.0;40.4;563;413.6;440.00
06/02/2020_09:35:18;20.1;40.6;563;416.4;440.00
06/02/2020_09:40:18;20.1;40.8;577;423.0;460.00
06/02/2020_09:45:18;20.0;41.0;582;430.7;450.00
06/02/2020_09:50:18;20.2;40.3;580;418.3;450.00
06/02/2020_09:55:18;20.1;40.1;572;436.8;450.00
06/02/2020_10:00:18;20.1;39.7;571;426.5;440.00
06/02/2020_10:05:18;20.2;39.8;571;423.2;440.00
06/02/2020_10:10:18;20.3;40.0;566;432.4;450.00
06/02/2020_10:15:18;20.4;39.5;578;440.3;460.00
06/02/2020_10:20:18;20.3;39.6;577;422.5;450.00
06/02/2020_10:25:18;20.3;39.6;582;417.7;450.00
06/02/2020_10:30:18;20.4;39.1;583;440.9;470.00
06/02/2020_10:35:18;20.4;39.4;594;467.6;470.00
06/02/2020_10:40:18;20.7;39.5;602;474.4;490.00
06/02/2020_10:45:18;20.5;39.1;603;428.3;480.00
06/02/2020_10:50:18;20.6;39.0;600;453.1;470.00
06/02/2020_10:55:18;20.6;39.5;611;468.5;490.00
06/02/2020_11:00:18;20.6;39.4;617;460.3;500.00
06/02/2020_11:05:18;20.7;39.4;626;450.3;510.00
06/02/2020_11:10:18;20.8;39.2;625;478.4;500.00
06/02/2020_11:15:18;20.8;39.2;628;494.1;510.00
06/02/2020_11:20:18;20.9;39.3;657;502.7;540.00
06/02/2020_11:25:18;21.0;38.9;652;495.1;520.00
06/02/2020_11:30:18;20.9;39.0;648;491.4;520.00
06/02/2020_11:35:18;20.9;39.8;671;554.8;570.00
06/02/2020_11:40:18;21.2;40.7;828;723.4;760.00
06/02/2020_11:45:18;21.3;41.5;933;803.9;860.00
06/02/2020_11:50:18;21.2;42.6;1027;926.0;960.00
06/02/2020_11:55:18;21.3;44.3;1121;978.8;1040.00
06/02/2020_12:00:18;21.5;44.8;1169;1003.5;1080.00
06/02/2020_12:05:18;21.6;45.0;1172;971.4;1070.00
06/02/2020_12:10:18;21.8;45.2;1183;1002.3;1080.00
06/02/2020_12:15:18;21.8;44.8;1167;955.9;1030.00
06/02/2020_12:20:18;21.9;44.3;1081;861.3;920.00
06/02/2020_12:25:18;22.0;44.2;1018;786.4;860.00
06/02/2020_12:30:18;21.9;44.2;987;768.1;840.00
06/02/2020_12:35:18;22.1;43.2;973;764.8;850.00
06/02/2020_12:40:18;22.0;43.6;967;772.1;850.00
06/02/2020_12:45:18;21.9;43.6;964;769.9;850.00
06/02/2020_12:50:18;21.9;43.5;956;765.4;840.00
06/02/2020_12:55:18;21.9;43.1;938;697.7;750.00
06/02/2020_13:00:18;22.3;42.1;847;642.5;690.00
06/02/2020_13:05:18;22.2;42.0;805;603.7;670.00
06/02/2020_13:10:18;22.2;42.4;793;608.1;670.00
06/02/2020_13:15:18;22.1;42.8;804;632.3;680.00
06/02/2020_13:20:18;22.2;42.9;802;619.0;680.00
06/02/2020_13:25:18;22.1;43.8;808;618.5;690.00
06/02/2020_13:30:18;22.4;43.0;822;626.9;710.00
06/02/2020_13:35:18;22.4;43.2;816;650.3;710.00
06/02/2020_13:40:18;22.4;42.9;825;660.0;710.00
06/02/2020_13:45:18;22.5;42.7;830;626.9;710.00
06/02/2020_13:50:18;22.5;42.3;822;628.0;720.00
06/02/2020_13:55:18;22.6;42.2;831;630.8;720.00
06/02/2020_14:00:18;22.6;42.1;830;633.7;710.00
06/02/2020_14:05:18;22.6;42.1;819;616.0;710.00
06/02/2020_14:10:18;22.7;42.1;825;616.3;710.00
06/02/2020_14:15:18;22.6;42.2;827;625.5;720.00
06/02/2020_14:20:18;22.6;42.0;836;634.7;710.00
06/02/2020_14:25:18;22.6;42.2;831;622.6;710.00
06/02/2020_14:30:18;22.7;42.0;839;619.0;710.00
06/02/2020_14:35:18;22.7;41.8;830;641.2;720.00
06/02/2020_14:40:18;22.7;41.9;839;646.3;710.00
06/02/2020_14:45:18;22.8;41.8;828;640.0;710.00
06/02/2020_14:50:18;22.9;41.7;833;601.6;720.00
06/02/2020_14:55:18;22.8;42.0;839;640.7;710.00
06/02/2020_15:00:18;22.8;41.8;834;648.7;710.00
06/02/2020_15:05:18;22.9;41.8;827;613.3;720.00
06/02/2020_15:10:18;22.8;41.9;856;620.5;720.00
06/02/2020_15:15:18;22.8;41.9;834;639.7;720.00
06/02/2020_15:20:18;22.9;41.7;844;629.4;710.00
06/02/2020_15:25:18;22.9;42.0;839;636.4;720.00
06/02/2020_15:30:18;23.0;41.5;842;616.4;710.00
06/02/2020_15:35:18;22.9;41.6;844;656.7;720.00
06/02/2020_15:40:18;22.9;41.7;847;634.9;720.00
06/02/2020_15:45:18;23.0;41.5;836;633.2;720.00
06/02/2020_15:50:18;22.9;41.6;839;629.0;720.00
06/02/2020_15:55:18;23.0;41.4;827;626.6;720.00
06/02/2020_16:00:18;23.1;41.5;842;641.5;730.00
06/02/2020_16:05:18;23.1;41.4;833;627.0;720.00
06/02/2020_16:10:18;23.2;41.5;839;654.1;720.00
06/02/2020_16:15:18;23.1;41.4;834;653.8;730.00
06/02/2020_16:20:18;23.2;41.4;845;656.0;720.00
06/02/2020_16:25:18;23.2;41.5;841;641.4;730.00
06/02/2020_16:30:18;23.2;41.6;836;642.5;730.00
06/02/2020_16:35:18;23.2;41.6;845;647.1;720.00
06/02/2020_16:40:18;23.2;41.5;841;658.0;720.00
06/02/2020_16:45:18;23.2;41.6;845;643.2;720.00
06/02/2020_16:50:18;23.2;41.6;837;649.3;730.00
06/02/2020_16:55:18;23.3;41.6;841;659.1;720.00
06/02/2020_17:00:18;23.2;41.5;839;651.0;720.00
06/02/2020_17:05:18;23.1;42.6;882;744.0;800.00
06/02/2020_17:10:18;23.4;43.6;978;808.1;910.00
06/02/2020_17:15:18;23.4;43.7;1021;841.5;940.00
06/02/2020_17:20:18;23.5;43.2;1041;845.2;940.00
06/02/2020_17:25:18;23.4;43.2;1038;840.7;940.00
06/02/2020_17:30:18;23.5;43.1;1053;815.0;940.00
06/02/2020_17:35:18;23.4;42.9;1047;827.0;940.00
06/02/2020_17:40:18;23.4;43.1;1038;831.0;940.00
06/02/2020_17:45:18;23.5;42.6;1047;805.8;930.00
06/02/2020_17:50:18;23.5;42.8;1047;834.5;930.00
06/02/2020_17:55:18;23.5;43.0;1038;817.5;920.00
06/02/2020_18:00:18;23.5;44.1;1089;939.2;1030.00
06/02/2020_18:05:18;23.5;44.5;1172;1006.6;1100.00
06/02/2020_18:10:18;23.6;44.9;1229;1032.7;1150.00
06/02/2020_18:15:18;23.4;45.8;1246;1039.5;1150.00
06/02/2020_18:20:18;23.6;45.3;1261;1047.3;1170.00
06/02/2020_18:25:18;23.6;46.1;1357;1198.6;1320.00
06/02/2020_18:30:18;23.6;45.9;1411;1213.4;1330.00
06/02/2020_18:35:18;23.7;45.6;1426;1206.6;1330.00
06/02/2020_18:40:18;23.8;44.5;1411;1198.1;1320.00
06/02/2020_18:45:18;23.8;43.3;1357;1115.7;1240.00
06/02/2020_18:50:18;23.7;42.3;1286;1006.8;1150.00
06/02/2020_18:55:18;23.7;41.1;1203;961.5;1060.00
06/02/2020_19:00:18;23.6;40.6;1149;931.1;1020.00
06/02/2020_19:05:18;23.4;40.0;1133;884.5;1010.00
06/02/2020_19:10:18;23.3;40.0;1101;878.0;990.00
06/02/2020_19:15:18;23.6;40.6;1161;986.4;1090.00
06/02/2020_19:20:18;23.4;40.6;1184;990.8;1100.00
06/02/2020_19:25:18;23.3;41.2;1186;963.8;1070.00
06/02/2020_19:30:18;23.1;41.4;1195;952.9;1080.00
06/02/2020_19:35:18;23.0;41.6;1181;948.7;1070.00
06/02/2020_19:40:18;23.1;41.8;1172;962.2;1060.00
06/02/2020_19:45:18;23.0;41.9;1161;959.4;1040.00
06/02/2020_19:50:18;23.0;42.0;1161;926.8;1040.00
06/02/2020_19:55:18;23.1;41.9;1146;923.7;1020.00
06/02/2020_20:00:18;23.0;42.2;1132;926.3;1010.00
06/02/2020_20:05:18;22.7;42.8;1115;919.3;1010.00
06/02/2020_20:10:18;22.3;43.6;1103;884.5;990.00
06/02/2020_20:15:18;22.1;43.9;1095;883.9;980.00
06/02/2020_20:20:18;22.0;44.5;1081;907.3;990.00
06/02/2020_20:25:18;22.0;44.4;1086;875.8;980.00
06/02/2020_20:30:18;22.0;44.2;1092;897.5;980.00
06/02/2020_20:35:18;22.0;44.4;1081;898.0;980.00
06/02/2020_20:40:18;22.1;44.6;1084;913.5;980.00
06/02/2020_20:45:18;21.9;44.8;1086;896.6;970.00
06/02/2020_20:50:18;22.0;44.8;1093;899.3;980.00
06/02/2020_20:55:18;21.8;44.6;1055;853.9;940.00
06/02/2020_21:00:18;21.9;44.9;1038;917.9;990.00
06/02/2020_21:05:18;22.2;44.5;1098;921.2;1010.00
06/02/2020_21:10:18;22.1;44.5;1087;893.8;990.00
06/02/2020_21:15:18;21.8;44.7;1058;861.5;940.00
06/02/2020_21:20:18;21.6;44.9;982;791.5;850.00
06/02/2020_21:25:18;21.6;44.9;936;752.2;800.00
06/02/2020_21:30:18;21.5;45.1;898;694.9;760.00
06/02/2020_21:35:18;21.4;45.1;890;683.3;760.00
06/02/2020_21:40:18;21.3;45.0;848;664.6;720.00
06/02/2020_21:45:18;21.2;44.9;816;643.2;680.00
06/02/2020_21:50:18;21.2;45.2;791;591.5;660.00
06/02/2020_21:55:18;21.2;45.0;763;576.2;630.00
06/02/2020_22:00:18;21.1;45.3;736;565.3;600.00
06/02/2020_22:05:18;21.0;45.5;717;551.7;590.00
06/02/2020_22:10:18;21.0;45.4;711;532.1;580.00
06/02/2020_22:15:18;20.9;45.7;699;518.4;570.00
06/02/2020_22:20:18;20.9;45.9;674;531.7;550.00
06/02/2020_22:25:18;20.9;45.9;669;521.2;550.00
06/02/2020_22:30:18;20.8;46.2;674;497.9;530.00
06/02/2020_22:35:18;20.7;46.5;651;498.0;530.00
06/02/2020_22:40:18;20.7;46.8;640;476.6;510.00
06/02/2020_22:45:18;20.7;46.8;637;496.0;510.00
06/02/2020_22:50:18;20.8;46.8;636;490.1;510.00
06/02/2020_22:55:18;20.6;46.8;631;484.0;510.00
06/02/2020_23:00:18;20.6;47.1;617;473.5;500.00
06/02/2020_23:05:18;20.7;47.2;617;482.5;490.00
06/02/2020_23:10:18;20.6;47.0;614;478.4;490.00
06/02/2020_23:15:18;20.4;46.4;614;475.1;490.00
06/02/2020_23:20:18;20.3;46.6;608;488.2;490.00
06/02/2020_23:25:18;20.4;47.6;671;591.5;590.00
06/02/2020_23:30:18;20.4;47.4;683;561.0;580.00
06/02/2020_23:35:18;20.2;47.3;680;562.6;560.00
06/02/2020_23:40:18;20.2;47.0;662;634.9;540.00
06/02/2020_23:45:18;20.0;47.4;657;572.4;520.00
06/02/2020_23:50:18;20.0;47.5;646;547.6;510.00
06/02/2020_23:55:18;20.0;47.5;631;571.3;510.00
07/02/2020_00:00:18;20.0;47.3;631;582.6;510.00
07/02/2020_00:05:18;19.9;47.5;626;617.7;500.00
07/02/2020_00:10:18;19.9;47.6;623;592.9;490.00
07/02/2020_00:15:18;19.8;47.8;617;690.8;490.00
07/02/2020_00:20:18;20.1;47.2;617;678.8;490.00
07/02/2020_00:25:18;20.0;47.4;620;554.8;490.00
07/02/2020_00:30:18;20.0;47.5;617;574.1;490.00
07/02/2020_00:35:18;19.9;47.9;611;531.9;490.00
07/02/2020_00:40:18;19.7;48.0;612;520.9;480.00
07/02/2020_00:45:18;19.7;48.3;620;538.5;490.00
07/02/2020_00:50:18;19.7;48.1;605;510.0;480.00
07/02/2020_00:55:18;19.6;48.2;611;508.5;490.00
07/02/2020_01:00:18;19.8;48.3;609;546.1;480.00
07/02/2020_01:05:18;19.8;48.3;605;614.4;480.00
07/02/2020_01:10:18;19.7;48.3;608;531.8;480.00
07/02/2020_01:15:18;19.7;48.4;611;508.4;480.00
07/02/2020_01:20:18;19.8;48.4;611;515.4;480.00
07/02/2020_01:25:18;19.6;48.9;611;522.4;490.00
07/02/2020_01:30:18;19.6;49.1;617;491.8;480.00
07/02/2020_01:35:18;19.6;49.2;616;487.6;480.00
07/02/2020_01:40:18;19.6;49.3;600;512.4;480.00
07/02/2020_01:45:18;19.6;49.2;602;515.1;480.00
07/02/2020_01:50:18;19.5;49.4;600;497.1;480.00
07/02/2020_01:55:18;19.6;49.9;612;492.2;480.00
07/02/2020_02:00:18;19.5;49.7;611;501.2;480.00
07/02/2020_02:05:18;19.5;50.0;608;511.4;480.00
07/02/2020_02:10:18;19.6;50.6;612;507.3;480.00
07/02/2020_02:15:18;19.6;50.6;614;506.1;480.00
07/02/2020_02:20:18;19.6;50.8;611;499.1;480.00
07/02/2020_02:25:18;19.5;51.2;608;513.7;500.00
07/02/2020_02:30:18;19.4;51.4;606;507.5;490.00
07/02/2020_02:35:18;19.4;51.9;605;501.1;480.00
07/02/2020_02:40:18;19.4;52.3;605;488.4;480.00
07/02/2020_02:45:18;19.3;52.7;612;503.2;480.00
07/02/2020_02:50:18;19.3;52.9;609;530.9;480.00
07/02/2020_02:55:18;19.5;52.9;614;489.0;480.00
07/02/2020_03:00:18;19.4;52.9;605;506.7;490.00
07/02/2020_03:05:18;19.3;52.2;617;528.9;500.00
07/02/2020_03:10:18;19.1;51.5;614;517.9;490.00
07/02/2020_03:15:18;18.9;51.7;605;491.8;480.00
07/02/2020_03:20:18;19.1;52.1;608;488.8;470.00
07/02/2020_03:25:18;19.2;52.5;603;500.0;470.00
07/02/2020_03:30:18;19.2;53.0;622;512.7;480.00
07/02/2020_03:35:18;19.3;53.4;614;474.6;480.00
07/02/2020_03:40:18;19.2;54.2;614;497.1;490.00
07/02/2020_03:45:18;19.2;54.8;614;494.0;490.00
07/02/2020_03:50:18;19.1;55.3;622;475.2;490.00
07/02/2020_03:55:18;19.2;55.8;628;508.8;500.00
07/02/2020_04:00:18;19.2;55.9;629;491.4;500.00
07/02/2020_04:05:18;19.3;56.0;625;510.8;500.00
07/02/2020_04:10:18;19.3;56.4;625;508.7;510.00
07/02/2020_04:15:18;19.3;56.6;640;514.9;510.00
07/02/2020_04:20:18;19.4;56.5;640;500.9;510.00
07/02/2020_04:25:18;19.5;56.4;648;535.0;530.00
07/02/2020_04:30:18;19.5;56.5;656;519.4;530.00
07/02/2020_04:35:18;19.5;56.8;651;514.5;530.00
07/02/2020_04:40:18;19.4;56.8;660;528.8;530.00
07/02/2020_04:45:18;19.3;57.1;662;526.7;530.00
07/02/2020_04:50:18;19.3;56.9;657;533.9;520.00
07/02/2020_04:55:18;19.4;57.4;654;511.8;520.00
07/02/2020_05:00:18;19.3;57.4;648;513.2;520.00
07/02/2020_05:05:18;19.4;57.4;645;521.8;510.00
07/02/2020_05:10:18;19.3;57.6;646;513.3;520.00
07/02/2020_05:15:18;19.3;57.7;649;520.0;520.00
07/02/2020_05:20:18;19.4;57.6;653;523.5;530.00
07/02/2020_05:25:18;19.5;57.5;665;546.0;540.00
07/02/2020_05:30:18;19.5;57.6;666;540.1;540.00
07/02/2020_05:35:18;19.4;58.1;674;538.8;550.00
07/02/2020_05:40:18;19.3;58.1;676;525.0;550.00
07/02/2020_05:45:18;19.5;57.8;685;560.3;560.00
07/02/2020_05:50:18;19.5;58.2;688;589.3;580.00
07/02/2020_05:55:18;19.4;58.6;702;555.8;580.00
07/02/2020_06:00:18;19.5;58.4;707;565.9;590.00
07/02/2020_06:05:18;19.6;58.4;711;589.2;570.00
07/02/2020_06:10:18;19.5;58.5;708;575.6;580.00
07/02/2020_06:15:18;19.4;58.7;706;561.8;570.00
07/02/2020_06:20:18;19.4;58.8;705;551.5;580.00
07/02/2020_06:25:18;19.5;58.6;697;575.6;570.00
07/02/2020_06:30:18;19.5;58.7;683;573.4;560.00
07/02/2020_06:35:18;19.5;58.9;693;553.5;560.00
07/02/2020_06:40:18;19.5;58.6;696;555.3;570.00
07/02/2020_06:45:18;19.6;58.7;700;579.1;580.00
07/02/2020_06:50:18;19.6;58.5;714;610.2;600.00
07/02/2020_06:55:18;19.7;58.5;719;571.1;590.00
07/02/2020_07:00:18;19.6;58.8;714;560.0;590.00
07/02/2020_07:05:18;19.7;58.5;711;591.9;590.00
07/02/2020_07:10:18;19.7;58.7;716;584.4;580.00
07/02/2020_07:15:18;19.7;58.4;705;577.4;570.00
07/02/2020_07:20:18;19.7;58.7;694;561.3;570.00
07/02/2020_07:25:18;19.8;58.2;705;574.6;570.00
07/02/2020_07:30:18;19.8;58.4;705;579.4;580.00
07/02/2020_07:35:18;19.9;58.1;711;589.8;590.00
07/02/2020_07:40:18;19.9;58.3;717;578.3;590.00
07/02/2020_07:45:18;20.0;57.7;705;576.2;590.00
07/02/2020_07:50:18;19.9;58.1;719;605.9;590.00
07/02/2020_07:55:18;20.0;58.1;731;581.2;600.00
07/02/2020_08:00:18;20.0;58.1;725;597.0;600.00
07/02/2020_08:05:18;20.0;58.1;739;609.2;620.00
07/02/2020_08:10:18;20.1;57.6;748;628.9;630.00
07/02/2020_08:15:18;20.0;57.9;757;627.2;640.00
07/02/2020_08:20:18;20.1;57.6;779;623.8;650.00
07/02/2020_08:25:18;20.3;57.4;782;648.5;660.00
07/02/2020_08:30:18;20.1;57.8;774;638.4;650.00
07/02/2020_08:35:18;20.1;58.1;771;620.1;630.00
07/02/2020_08:40:18;20.3;57.7;756;618.2;630.00
07/02/2020_08:45:18;20.5;57.4;771;650.7;650.00
07/02/2020_08:50:18;20.5;57.1;788;656.0;670.00
07/02/2020_08:55:18;20.4;56.5;813;699.7;690.00
07/02/2020_09:00:18;20.5;56.8;819;691.5;710.00
07/02/2020_09:05:18;20.7;56.4;836;717.1;720.00
07/02/2020_09:10:18;20.7;56.3;830;732.3;710.00
07/02/2020_09:15:18;20.6;56.3;827;723.0;720.00
07/02/2020_09:20:18;20.6;56.5;831;702.6;700.00
07/02/2020_09:25:18;20.7;56.3;828;714.7;710.00
07/02/2020_09:30:18;20.8;56.0;833;738.5;720.00
07/02/2020_09:35:18;20.8;56.1;836;706.2;710.00
07/02/2020_09:40:18;20.9;55.8;825;689.8;680.00
07/02/2020_09:45:18;20.9;56.0;819;698.5;690.00
07/02/2020_09:50:18;21.0;55.6;813;709.0;690.00
07/02/2020_09:55:18;21.0;55.5;834;710.4;700.00
07/02/2020_10:00:18;21.0;55.3;822;722.6;700.00
07/02/2020_10:05:18;21.0;55.1;839;748.8;720.00
07/02/2020_10:10:18;21.0;55.3;830;744.9;710.00
07/02/2020_10:15:18;21.0;55.3;837;736.3;730.00
07/02/2020_10:20:18;21.1;55.2;850;761.0;720.00
07/02/2020_10:25:18;21.2;54.6;864;766.1;730.00
07/02/2020_10:30:18;21.2;55.4;853;748.8;700.00
07/02/2020_10:35:18;21.2;54.9;836;754.4;710.00
07/02/2020_10:40:18;21.3;54.7;836;740.0;750.00
07/02/2020_10:45:18;21.5;54.7;902;864.5;810.00
07/02/2020_10:50:18;21.2;55.0;933;887.8;800.00
07/02/2020_10:55:18;21.4;55.1;941;938.5;850.00
07/02/2020_11:00:18;21.6;55.0;1001;955.7;920.00
07/02/2020_11:05:18;21.5;55.0;1041;993.7;930.00
07/02/2020_11:10:18;21.3;55.0;1058;1027.0;930.00
07/02/2020_11:15:18;21.3;55.1;1058;1024.8;920.00
07/02/2020_11:20:18;21.3;54.8;1050;1017.3;930.00
07/02/2020_11:25:18;21.3;54.7;1055;1020.8;930.00
07/02/2020_11:30:18;21.3;54.4;1047;1058.7;930.00
07/02/2020_11:35:18;21.3;54.1;1056;1048.7;930.00
07/02/2020_11:40:18;21.5;53.9;1047;1024.1;930.00
07/02/2020_11:45:18;21.5;53.9;1052;1088.4;920.00
07/02/2020_11:50:18;21.5;53.7;1047;1124.4;920.00
07/02/2020_11:55:18;21.5;53.7;1047;1090.2;920.00
07/02/2020_12:00:18;21.6;53.6;1047;1089.3;920.00
07/02/2020_12:05:18;21.5;53.5;1035;1063.3;920.00
07/02/2020_12:10:18;21.6;53.2;1027;1018.8;920.00
07/02/2020_12:15:18;21.9;52.9;1010;948.5;860.00
07/02/2020_12:20:18;21.8;52.8;987;915.6;850.00
07/02/2020_12:25:18;21.9;52.5;973;880.9;850.00
07/02/2020_12:30:18;22.1;51.9;970;894.8;840.00
07/02/2020_12:35:18;22.2;51.8;952;904.2;840.00
07/02/2020_12:40:18;22.3;50.9;970;893.5;840.00
07/02/2020_12:45:18;22.3;50.8;967;921.7;840.00
07/02/2020_12:50:18;22.2;51.2;967;943.2;850.00
07/02/2020_12:55:18;22.3;50.9;961;941.1;830.00
07/02/2020_13:00:18;22.3;51.0;956;910.9;830.00
07/02/2020_13:05:18;22.5;50.6;930;898.7;800.00
07/02/2020_13:10:18;22.4;50.6;924;944.0;780.00
07/02/2020_13:15:18;22.4;50.9;896;895.0;750.00
07/02/2020_13:20:18;22.3;51.0;887;850.6;750.00
07/02/2020_13:25:18;22.5;50.5;872;866.7;740.00
07/02/2020_13:30:18;22.6;50.6;868;811.9;730.00
07/02/2020_13:35:18;22.6;50.7;836;740.3;700.00
07/02/2020_13:40:18;22.5;50.6;824;710.7;690.00
07/02/2020_13:45:18;22.6;50.6;814;827.1;680.00
07/02/2020_13:50:18;22.7;50.3;802;744.1;670.00
07/02/2020_13:55:18;22.8;50.3;793;787.6;660.00
07/02/2020_14:00:18;22.9;49.8;791;756.3;660.00
07/02/2020_14:05:18;22.9;49.6;782;692.9;660.00
07/02/2020_14:10:18;22.9;49.9;787;646.4;660.00
07/02/2020_14:15:18;22.8;50.0;782;656.8;660.00
07/02/2020_14:20:18;23.0;49.4;782;642.0;660.00
07/02/2020_14:25:18;23.1;49.2;782;638.0;660.00
07/02/2020_14:30:18;23.0;49.5;774;649.7;660.00
07/02/2020_14:35:18;23.1;49.3;791;644.2;660.00
07/02/2020_14:40:18;23.1;49.2;796;665.6;680.00
07/02/2020_14:45:18;23.1;49.6;836;675.9;730.00
07/02/2020_14:50:18;23.1;49.6;851;715.3;730.00
07/02/2020_14:55:18;23.1;48.9;844;710.3;720.00
07/02/2020_15:00:18;23.2;48.6;856;708.5;750.00
07/02/2020_15:05:18;23.3;48.5;879;707.0;750.00
07/02/2020_15:10:18;23.2;48.8;881;761.6;780.00
07/02/2020_15:15:18;23.5;48.6;913;799.3;820.00
07/02/2020_15:20:18;23.6;48.1;936;777.5;820.00
07/02/2020_15:25:18;23.7;48.0;947;767.8;830.00
07/02/2020_15:30:18;23.7;47.5;930;746.3;800.00
07/02/2020_15:35:18;23.7;46.1;888;696.3;730.00
07/02/2020_15:40:18;23.7;44.5;819;613.1;660.00
07/02/2020_15:45:18;23.4;41.9;753;547.7;590.00
07/02/2020_15:50:18;23.4;41.6;725;539.5;580.00
07/02/2020_15:55:18;23.5;40.7;671;508.7;540.00
07/02/2020_16:00:18;23.6;39.0;634;449.3;490.00
07/02/2020_16:05:18;23.6;38.1;612;441.5;470.00
07/02/2020_16:10:18;23.6;37.5;594;461.5;490.00
07/02/2020_16:15:18;23.6;38.0;648;552.4;550.00
07/02/2020_16:20:18;23.6;37.9;680;559.7;580.00
07/02/2020_16:25:18;23.6;39.1;713;608.7;610.00
07/02/2020_16:30:18;23.7;39.4;742;602.9;640.00
07/02/2020_16:35:18;23.7;38.3;762;673.1;590.00
07/02/2020_16:40:18;23.8;38.3;745;659.0;590.00
07/02/2020_16:45:18;23.8;39.0;759;676.5;650.00
07/02/2020_16:50:18;23.9;39.6;768;657.7;660.00
07/02/2020_16:55:18;23.8;39.3;767;687.0;640.00
07/02/2020_17:00:18;23.7;39.7;756;669.0;630.00
07/02/2020_17:05:18;23.8;39.7;760;697.1;650.00
07/02/2020_17:10:18;23.8;39.7;750;723.6;650.00
07/02/2020_17:15:18;23.8;40.1;765;709.7;650.00
07/02/2020_17:20:18;23.8;40.1;768;643.7;660.00
07/02/2020_17:25:18;23.8;40.4;779;652.7;670.00
07/02/2020_17:30:18;23.8;40.6;799;665.6;680.00
07/02/2020_17:35:18;23.7;40.7;794;695.8;690.00
07/02/2020_17:40:18;23.8;40.5;813;665.0;690.00
07/02/2020_17:45:18;23.7;41.0;805;663.4;690.00
07/02/2020_17:50:18;23.7;40.8;825;668.9;700.00
07/02/2020_17:55:18;23.8;40.7;816;677.0;710.00
07/02/2020_18:00:18;23.8;40.7;822;699.8;710.00
07/02/2020_18:05:18;23.8;41.0;825;670.2;720.00
07/02/2020_18:10:18;23.7;41.0;827;672.4;710.00
07/02/2020_18:15:18;23.7;41.1;819;695.5;710.00
07/02/2020_18:20:18;23.6;41.5;828;702.1;710.00
07/02/2020_18:25:18;23.6;41.2;827;672.1;720.00
07/02/2020_18:30:18;23.7;41.2;842;682.9;730.00
07/02/2020_18:35:18;23.6;41.0;851;749.2;760.00
07/02/2020_18:40:18;23.8;40.9;861;724.2;750.00
07/02/2020_18:45:18;23.7;41.3;868;696.1;750.00
07/02/2020_18:50:18;23.5;41.8;854;686.5;750.00
07/02/2020_18:55:18;23.4;41.8;864;712.0;750.00
07/02/2020_19:00:18;23.5;42.0;862;709.6;740.00
07/02/2020_19:05:18;23.4;42.2;856;659.6;740.00
07/02/2020_19:10:18;23.4;42.3;847;715.7;740.00
07/02/2020_19:15:18;23.2;42.5;865;695.2;750.00
07/02/2020_19:20:18;23.3;42.6;851;697.3;750.00
07/02/2020_19:25:18;23.2;43.1;853;699.5;740.00
07/02/2020_19:30:18;22.9;43.6;839;683.3;730.00
07/02/2020_19:35:18;22.6;44.2;845;707.1;730.00
07/02/2020_19:40:18;22.5;45.2;876;805.1;810.00
07/02/2020_19:45:18;22.6;45.8;933;836.0;860.00
07/02/2020_19:50:18;22.5;45.7;1001;881.7;920.00
07/02/2020_19:55:18;22.5;46.0;1047;935.7;970.00
07/02/2020_20:00:18;22.5;46.2;1098;1002.2;1010.00
07/02/2020_20:05:18;22.6;46.3;1144;979.6;1040.00
07/02/2020_20:10:18;22.5;46.6;1166;1034.6;1080.00
07/02/2020_20:15:18;22.6;46.4;1172;1027.1;1070.00
07/02/2020_20:20:18;22.6;46.4;1161;1033.6;1050.00
07/02/2020_20:25:18;22.4;46.5;1172;1021.3;1040.00
07/02/2020_20:30:18;22.4;46.8;1144;984.5;1040.00
07/02/2020_20:35:18;22.4;46.8;1144;1021.8;1030.00
07/02/2020_20:40:18;22.2;46.9;1143;995.7;1020.00
07/02/2020_20:45:18;22.2;47.1;1135;990.9;1010.00
07/02/2020_20:50:18;22.3;46.8;1127;965.2;1020.00
07/02/2020_20:55:18;22.2;47.0;1126;979.3;1010.00
07/02/2020_21:00:18;22.1;47.1;1124;999.8;1010.00
07/02/2020_21:05:18;22.1;47.1;1124;995.9;1010.00
07/02/2020_21:10:18;22.0;47.5;1121;966.7;1010.00
07/02/2020_21:15:18;22.3;46.9;1130;1009.7;1030.00
07/02/2020_21:20:18;22.4;46.5;1135;1005.9;1030.00
07/02/2020_21:25:18;22.5;46.8;1160;1026.6;1090.00
07/02/2020_21:30:18;22.6;46.8;1181;1042.9;1100.00
07/02/2020_21:35:18;22.7;46.9;1212;1065.6;1120.00
07/02/2020_21:40:18;22.6;46.7;1232;1088.8;1130.00
07/02/2020_21:45:18;22.6;47.1;1255;1065.9;1150.00
07/02/2020_21:50:18;22.6;47.2;1266;1127.5;1180.00
07/02/2020_21:55:18;22.6;47.1;1274;1128.3;1180.00
07/02/2020_22:00:18;22.5;47.4;1272;1135.6;1160.00
07/02/2020_22:05:18;22.5;47.2;1272;1091.5;1160.00
07/02/2020_22:10:18;22.3;47.8;1263;1097.7;1170.00
07/02/2020_22:15:18;22.2;48.1;1278;1138.4;1170.00
07/02/2020_22:20:18;22.1;48.4;1272;1156.7;1170.00
07/02/2020_22:25:18;22.1;48.4;1289;1092.4;1160.00
07/02/2020_22:30:18;22.0;48.6;1258;1084.1;1150.00
07/02/2020_22:35:18;22.0;48.4;1261;1101.9;1140.00
07/02/2020_22:40:18;22.0;48.5;1243;1104.0;1140.00
07/02/2020_22:45:18;21.9;48.3;1252;1075.4;1130.00
07/02/2020_22:50:18;22.0;48.4;1235;1080.4;1120.00
07/02/2020_22:55:18;21.9;48.4;1240;1079.3;1120.00
07/02/2020_23:00:18;21.9;48.6;1238;1091.6;1120.00
07/02/2020_23:05:18;21.9;48.7;1221;1088.8;1120.00
07/02/2020_23:10:18;21.8;48.6;1220;1059.1;1120.00
07/02/2020_23:15:18;21.9;48.6;1204;1035.0;1100.00
07/02/2020_23:20:18;21.8;48.5;1209;1047.8;1080.00
07/02/2020_23:25:18;21.8;48.5;1192;1008.8;1080.00
07/02/2020_23:30:18;21.8;48.8;1181;1023.6;1070.00
07/02/2020_23:35:18;21.9;48.9;1192;1027.2;1090.00
07/02/2020_23:40:18;21.9;48.8;1217;1060.5;1110.00
07/02/2020_23:45:18;21.8;48.8;1212;1072.7;1110.00
07/02/2020_23:50:18;21.9;49.0;1224;1063.3;1130.00
07/02/2020_23:55:18;21.8;49.1;1232;1099.5;1130.00
08/02/2020_00:00:18;21.8;49.0;1235;1082.8;1140.00
08/02/2020_00:05:18;21.8;49.0;1244;1095.5;1150.00
08/02/2020_00:10:18;21.7;49.2;1243;1070.9;1140.00
08/02/2020_00:15:18;21.8;49.2;1238;1064.6;1110.00
08/02/2020_00:20:18;21.9;49.1;1215;1043.5;1090.00
08/02/2020_00:25:18;21.8;49.1;1215;1049.6;1090.00
08/02/2020_00:30:18;21.8;49.1;1201;1044.7;1110.00
08/02/2020_00:35:18;21.9;49.4;1226;1081.0;1140.00
08/02/2020_00:40:18;21.9;49.3;1234;1140.1;1150.00
08/02/2020_00:45:18;21.7;49.6;1249;1077.7;1130.00
08/02/2020_00:50:18;21.8;49.6;1258;1064.2;1140.00
08/02/2020_00:55:18;21.7;49.6;1243;1063.8;1130.00
08/02/2020_01:00:18;21.7;49.8;1246;1094.3;1130.00
08/02/2020_01:05:18;21.6;49.6;1241;1087.5;1140.00
08/02/2020_01:10:18;21.7;49.2;1243;1059.6;1140.00
08/02/2020_01:15:18;21.7;49.5;1232;1057.3;1120.00
08/02/2020_01:20:18;21.7;49.6;1226;1082.1;1120.00
08/02/2020_01:25:18;21.5;49.8;1218;1067.7;1110.00
08/02/2020_01:30:18;21.6;49.9;1221;1056.5;1100.00
08/02/2020_01:35:18;21.7;49.5;1209;1061.0;1100.00
08/02/2020_01:40:18;21.7;49.6;1206;1052.5;1100.00
08/02/2020_01:45:18;21.6;49.9;1217;1033.8;1110.00
08/02/2020_01:50:18;21.7;49.5;1209;1047.5;1090.00
08/02/2020_01:55:18;21.6;49.8;1195;1050.2;1090.00
08/02/2020_02:00:18;21.7;49.6;1198;1043.1;1080.00
08/02/2020_02:05:18;21.6;49.7;1206;1059.6;1080.00
08/02/2020_02:10:18;21.6;49.8;1200;1021.0;1080.00
08/02/2020_02:15:18;21.5;50.0;1187;1004.8;1080.00
08/02/2020_02:20:18;21.4;50.0;1181;1027.9;1070.00
08/02/2020_02:25:18;21.5;50.0;1177;1011.0;1050.00
08/02/2020_02:30:18;21.5;50.2;1167;1022.8;1050.00
08/02/2020_02:35:18;21.5;50.0;1161;1004.5;1050.00
08/02/2020_02:40:18;21.6;50.0;1183;1016.4;1050.00
08/02/2020_02:45:18;21.5;50.0;1158;1014.6;1040.00
08/02/2020_02:50:18;21.6;50.0;1161;972.3;1040.00
08/02/2020_02:55:18;21.4;50.0;1158;996.6;1030.00
08/02/2020_03:00:19;21.5;50.0;1155;993.7;1030.00
08/02/2020_03:05:19;21.5;50.0;1150;988.9;1030.00
08/02/2020_03:10:19;21.5;50.0;1143;976.3;1020.00
08/02/2020_03:15:19;21.5;50.1;1121;955.3;1010.00
08/02/2020_03:20:19;21.4;50.3;1141;976.7;1000.00
08/02/2020_03:25:19;21.4;50.1;1132;956.2;990.00
08/02/2020_03:30:19;21.4;50.0;1121;960.4;990.00
08/02/2020_03:35:19;21.4;49.9;1116;959.2;990.00
08/02/2020_03:40:19;21.5;50.1;1106;951.1;990.00
08/02/2020_03:45:19;21.5;50.2;1104;963.3;990.00
08/02/2020_03:50:19;21.5;50.3;1098;925.6;980.00
08/02/2020_03:55:19;21.5;50.1;1089;918.1;960.00
08/02/2020_04:00:19;21.5;50.3;1089;952.9;970.00
08/02/2020_04:05:19;21.5;50.4;1076;926.0;960.00
08/02/2020_04:10:19;21.4;50.4;1072;916.0;950.00
08/02/2020_04:15:19;21.5;50.3;1066;900.4;940.00
08/02/2020_04:20:19;21.4;50.4;1076;896.5;940.00
08/02/2020_04:25:19;21.5;50.4;1055;907.3;930.00
08/02/2020_04:30:19;21.4;50.7;1049;890.6;930.00
08/02/2020_04:35:19;21.5;50.4;1036;873.3;920.00
08/02/2020_04:40:19;21.3;50.7;1047;897.3;920.00
08/02/2020_04:45:19;21.4;50.6;1038;897.9;910.00
08/02/2020_04:50:19;21.4;50.7;1033;863.1;910.00
08/02/2020_04:55:19;21.4;50.6;1033;874.4;900.00
08/02/2020_05:00:19;21.4;50.7;1027;868.6;900.00
08/02/2020_05:05:19;21.3;50.7;1018;870.3;900.00
08/02/2020_05:10:19;21.4;50.6;1019;854.9;900.00
08/02/2020_05:15:19;21.3;50.7;1015;854.6;890.00
08/02/2020_05:20:19;21.4;50.7;1021;847.5;890.00
08/02/2020_05:25:19;21.3;50.9;1010;858.4;890.00
08/02/2020_05:30:19;21.4;50.8;1015;853.3;890.00
08/02/2020_05:35:19;21.4;50.7;1001;821.7;890.00
08/02/2020_05:40:19;21.5;50.9;1007;846.2;890.00
08/02/2020_05:45:19;21.3;50.8;1007;863.9;880.00
08/02/2020_05:50:19;21.4;50.6;1012;801.4;880.00
08/02/2020_05:55:19;21.4;50.9;993;820.3;880.00
08/02/2020_06:00:19;21.4;50.8;1001;857.2;880.00
08/02/2020_06:05:19;21.4;50.9;992;837.0;870.00
08/02/2020_06:10:19;21.4;50.8;990;832.1;880.00
08/02/2020_06:15:19;21.4;50.8;984;821.3;870.00
08/02/2020_06:20:19;21.5;50.7;984;836.5;860.00
08/02/2020_06:25:19;21.4;50.9;996;844.2;870.00
08/02/2020_06:30:19;21.3;51.0;990;821.7;860.00
08/02/2020_06:35:19;21.3;50.8;981;829.6;860.00
08/02/2020_06:40:19;21.5;50.7;984;837.1;860.00
08/02/2020_06:45:19;21.4;50.9;976;831.5;860.00
08/02/2020_06:50:19;21.4;50.8;984;817.9;860.00
08/02/2020_06:55:19;21.3;50.7;984;806.3;860.00
08/02/2020_07:00:19;21.3;51.1;982;819.9;850.00
08/02/2020_07:05:19;21.4;51.0;981;850.2;850.00
08/02/2020_07:10:19;21.4;51.2;978;822.5;860.00
08/02/2020_07:15:19;21.4;51.1;982;797.8;860.00
08/02/2020_07:20:19;21.3;51.2;975;827.6;850.00
08/02/2020_07:25:19;21.5;50.8;975;829.3;860.00
08/02/2020_07:30:19;21.4;50.9;984;824.6;860.00
08/02/2020_07:35:19;21.6;50.6;981;821.1;860.00
08/02/2020_07:40:19;21.5;50.9;964;827.0;860.00
08/02/2020_07:45:19;21.6;50.8;979;822.2;850.00
08/02/2020_07:50:19;21.5;50.8;967;814.3;850.00
08/02/2020_07:55:19;21.5;50.8;970;808.3;850.00
08/02/2020_08:00:19;21.6;50.8;965;812.8;860.00
08/02/2020_08:05:19;21.6;50.7;973;817.1;850.00
08/02/2020_08:10:19;21.7;50.7;970;808.4;850.00
08/02/2020_08:15:19;21.6;51.0;967;810.0;850.00
08/02/2020_08:20:19;21.6;50.9;968;821.0;840.00
08/02/2020_08:25:19;21.6;50.9;958;812.3;840.00
08/02/2020_08:30:19;21.6;51.0;967;800.0;850.00
08/02/2020_08:35:19;21.7;50.6;962;793.0;840.00
08/02/2020_08:40:19;21.7;50.9;952;803.4;830.00
08/02/2020_08:45:19;21.6;50.5;961;800.7;840.00
08/02/2020_08:50:19;21.7;50.9;968;806.0;830.00
08/02/2020_08:55:19;21.6;51.1;967;801.4;830.00
08/02/2020_09:00:19;21.5;51.0;944;796.0;830.00
08/02/2020_09:05:19;21.5;51.1;962;792.4;830.00
08/02/2020_09:10:19;21.5;51.3;950;802.8;830.00
08/02/2020_09:15:19;21.6;51.1;944;773.9;830.00
08/02/2020_09:20:19;21.6;51.3;945;783.8;820.00
08/02/2020_09:25:19;21.6;51.2;947;796.0;820.00
08/02/2020_09:30:19;21.7;51.5;970;857.9;870.00
08/02/2020_09:35:19;21.6;52.3;1016;885.7;920.00
08/02/2020_09:40:19;21.8;52.9;1070;928.5;970.00
08/02/2020_09:45:19;21.8;53.2;1103;988.2;1020.00
08/02/2020_09:50:19;21.9;53.3;1121;957.3;1020.00
08/02/2020_09:55:19;22.0;53.2;1147;996.7;1050.00
08/02/2020_10:00:19;22.1;53.2;1183;1020.3;1070.00
08/02/2020_10:05:19;22.1;53.5;1153;978.1;1020.00
08/02/2020_10:10:19;22.1;53.4;1104;919.5;950.00
08/02/2020_10:15:19;22.2;53.5;1106;905.3;970.00
08/02/2020_10:20:19;22.2;53.5;1101;912.3;980.00
08/02/2020_10:25:19;22.3;53.7;1104;950.0;1000.00
08/02/2020_10:30:19;22.4;53.5;1106;947.4;980.00
08/02/2020_10:35:19;22.3;53.2;1101;920.4;970.00
08/02/2020_10:40:19;22.5;53.5;1135;958.2;1020.00
08/02/2020_10:45:19;22.5;53.1;1132;968.7;1020.00
08/02/2020_10:50:19;22.6;53.0;1144;958.0;1020.00
08/02/2020_10:55:19;22.7;53.0;1170;1002.7;1040.00
08/02/2020_11:00:19;22.9;52.9;1183;1038.3;1070.00
08/02/2020_11:05:19;22.8;52.8;1192;1033.0;1090.00
08/02/2020_11:10:19;22.8;52.8;1215;1053.6;1100.00
08/02/2020_11:15:19;22.9;52.6;1226;979.4;1090.00
08/02/2020_11:20:19;22.8;52.5;1195;1005.7;1070.00
08/02/2020_11:25:19;22.8;52.2;1167;973.4;1040.00
08/02/2020_11:30:19;22.9;52.4;1138;991.4;1010.00
08/02/2020_11:35:19;22.8;51.9;1084;861.1;920.00
08/02/2020_11:40:19;22.8;50.1;939;551.7;590.00
08/02/2020_11:45:19;22.6;50.5;705;463.5;470.00
08/02/2020_11:50:19;22.8;50.0;634;445.0;470.00
08/02/2020_11:55:19;22.5;51.2;651;559.8;570.00
08/02/2020_12:00:19;22.5;52.3;693;607.5;630.00
08/02/2020_12:05:19;22.5;52.3;785;713.1;700.00
08/02/2020_12:10:19;22.6;52.3;845;754.8;760.00
08/02/2020_12:15:19;22.6;52.3;878;744.9;790.00
08/02/2020_12:20:19;22.7;52.1;890;741.2;780.00
08/02/2020_12:25:19;22.7;52.2;893;758.8;780.00
08/02/2020_12:30:19;22.7;52.1;878;766.1;780.00
08/02/2020_12:35:19;22.9;51.8;882;700.6;750.00
08/02/2020_12:40:19;22.9;51.6;845;709.5;720.00
08/02/2020_12:45:19;22.9;51.4;867;750.8;760.00
08/02/2020_12:50:19;22.9;51.2;871;725.3;760.00
08/02/2020_12:55:19;23.0;50.9;874;711.1;730.00
08/02/2020_13:00:19;22.9;50.2;782;609.2;680.00
08/02/2020_13:05:19;22.8;50.6;797;675.0;680.00
08/02/2020_13:10:19;22.7;51.3;811;687.5;690.00
08/02/2020_13:15:19;22.8;51.1;830;671.7;710.00
08/02/2020_13:20:19;23.0;51.0;871;729.4;780.00
08/02/2020_13:25:19;23.2;48.1;777;653.9;690.00
08/02/2020_13:30:19;23.1;47.8;767;677.3;680.00
08/02/2020_13:35:19;23.1;48.1;811;715.2;730.00
08/02/2020_13:40:19;23.1;48.8;919;818.6;840.00
08/02/2020_13:45:19;23.1;48.2;913;789.9;810.00
08/02/2020_13:50:19;23.3;47.1;882;718.9;730.00
08/02/2020_13:55:19;23.3;48.4;882;753.2;770.00
08/02/2020_14:00:19;23.2;49.0;887;727.1;780.00
08/02/2020_14:05:19;23.3;49.2;891;757.5;780.00
08/02/2020_14:10:19;23.3;49.3;905;764.9;790.00
08/02/2020_14:15:19;23.2;49.5;910;764.3;800.00
08/02/2020_14:20:19;23.2;49.2;905;758.9;790.00
08/02/2020_14:25:19;23.1;49.2;904;739.1;780.00
08/02/2020_14:30:19;23.1;49.3;893;758.8;780.00
08/02/2020_14:35:19;22.9;49.8;933;808.2;850.00
08/02/2020_14:40:19;22.9;50.2;993;927.1;950.00
08/02/2020_14:45:19;23.2;45.7;898;538.3;560.00
08/02/2020_14:50:19;23.2;44.3;669;430.5;440.00
08/02/2020_14:55:19;23.3;44.4;594;421.4;440.00
08/02/2020_15:00:19;23.1;46.0;594;438.4;470.00
08/02/2020_15:05:19;23.1;46.3;632;550.2;550.00
08/02/2020_15:10:19;23.3;46.4;682;563.0;580.00
08/02/2020_15:15:19;23.2;46.6;711;584.6;600.00
08/02/2020_15:20:19;23.3;47.0;728;587.4;620.00
08/02/2020_15:25:19;23.3;46.9;742;629.1;640.00
08/02/2020_15:30:19;23.2;47.2;753;618.9;650.00
08/02/2020_15:35:19;23.3;45.6;731;529.7;550.00
08/02/2020_15:40:19;23.3;46.8;773;683.5;720.00
08/02/2020_15:45:19;23.3;47.3;850;739.0;770.00
08/02/2020_15:50:19;23.2;47.7;885;745.6;780.00
08/02/2020_15:55:19;23.3;48.0;933;822.3;850.00
08/02/2020_16:00:19;23.2;47.9;950;826.8;840.00
08/02/2020_16:05:19;23.3;47.7;939;778.7;810.00
08/02/2020_16:10:19;23.4;47.7;941;844.5;840.00
08/02/2020_16:15:19;23.2;48.5;956;849.8;870.00
08/02/2020_16:20:19;23.2;47.3;939;723.7;740.00
08/02/2020_16:25:19;23.2;44.6;725;570.4;530.00
08/02/2020_16:30:19;23.2;45.4;742;580.7;610.00
08/02/2020_16:35:19;23.3;43.7;666;528.1;550.00
08/02/2020_16:40:19;23.1;44.6;656;533.2;550.00
08/02/2020_16:45:19;23.1;43.6;612;440.6;470.00
08/02/2020_16:50:19;22.6;44.3;589;445.6;430.00
08/02/2020_16:55:19;22.3;44.4;560;423.4;420.00
08/02/2020_17:00:19;22.1;44.5;529;412.3;410.00
08/02/2020_17:05:19;22.2;46.6;543;426.3;430.00
08/02/2020_17:10:19;21.9;45.2;528;440.0;420.00
08/02/2020_17:15:19;22.1;45.0;540;422.5;420.00
08/02/2020_17:20:19;22.4;45.3;532;405.0;420.00
08/02/2020_17:25:19;22.2;44.0;531;426.9;420.00
08/02/2020_17:30:19;22.1;44.5;523;447.7;420.00
08/02/2020_17:35:19;22.3;43.5;537;432.9;430.00
08/02/2020_17:40:19;22.4;43.6;540;424.9;430.00
08/02/2020_17:45:19;22.4;43.7;532;410.9;410.00
08/02/2020_17:50:19;22.4;44.0;543;450.6;440.00
08/02/2020_17:55:19;22.4;45.3;565;485.2;450.00
08/02/2020_18:00:19;22.4;46.6;609;543.5;540.00
08/02/2020_18:05:19;22.4;46.8;663;610.4;590.00
08/02/2020_18:10:19;22.4;47.1;713;669.7;640.00
08/02/2020_18:15:19;22.5;49.0;802;736.9;720.00
08/02/2020_18:20:19;22.5;47.9;814;690.1;700.00
08/02/2020_18:25:19;22.4;47.5;796;644.6;650.00
08/02/2020_18:30:19;22.3;47.6;771;672.1;640.00
08/02/2020_18:35:19;22.2;47.4;743;633.5;640.00
08/02/2020_18:40:19;22.1;46.9;733;617.3;610.00
08/02/2020_18:45:19;22.1;47.4;717;606.4;590.00
08/02/2020_18:50:19;22.1;47.1;708;632.4;590.00
08/02/2020_18:55:19;22.1;47.2;708;599.6;590.00
08/02/2020_19:00:19;22.0;47.5;703;612.9;600.00
08/02/2020_19:05:19;22.0;47.5;697;595.3;590.00
08/02/2020_19:10:19;22.2;47.2;690;601.4;580.00
08/02/2020_19:15:19;21.9;47.0;697;592.8;570.00
08/02/2020_19:20:19;21.9;47.3;688;563.3;560.00
08/02/2020_19:25:19;21.9;47.0;665;558.8;550.00
08/02/2020_19:30:19;21.9;47.1;654;544.0;530.00
08/02/2020_19:35:19;21.8;47.2;652;540.4;520.00
08/02/2020_19:40:19;21.7;47.4;622;531.5;500.00
08/02/2020_19:45:19;21.7;47.3;614;492.6;490.00
08/02/2020_19:50:19;21.7;47.5;609;501.8;480.00
08/02/2020_19:55:19;21.6;47.9;594;502.8;470.00
08/02/2020_20:00:19;21.6;48.2;591;487.1;460.00
08/02/2020_20:05:19;21.5;48.2;583;483.9;450.00
08/02/2020_20:10:19;21.5;48.7;571;465.3;450.00
08/02/2020_20:15:19;21.5;48.8;568;462.0;440.00
08/02/2020_20:20:19;21.4;49.6;569;463.3;440.00
08/02/2020_20:25:19;21.4;49.8;560;454.8;430.00
08/02/2020_20:30:19;21.4;50.3;554;459.8;430.00
08/02/2020_20:35:19;21.4;50.4;546;481.3;430.00
08/02/2020_20:40:19;21.2;50.7;557;457.1;430.00
08/02/2020_20:45:19;21.3;51.0;534;460.6;430.00
08/02/2020_20:50:19;21.2;50.9;546;469.4;420.00
08/02/2020_20:55:19;21.1;51.4;543;485.7;430.00
08/02/2020_21:00:19;21.2;51.4;543;440.6;420.00
08/02/2020_21:05:19;21.2;51.4;546;459.1;430.00
08/02/2020_21:10:19;21.1;51.7;549;463.8;420.00
08/02/2020_21:15:19;21.3;51.4;545;467.0;420.00
08/02/2020_21:20:19;21.2;52.3;543;464.6;420.00
08/02/2020_21:25:19;21.3;52.2;543;448.7;420.00
08/02/2020_21:30:19;21.2;52.4;523;462.7;420.00
08/02/2020_21:35:19;20.7;54.9;577;530.0;470.00
08/02/2020_21:40:19;20.6;55.7;583;493.6;450.00
08/02/2020_21:45:19;20.8;55.7;602;536.6;490.00
08/02/2020_21:50:19;20.7;56.0;614;570.0;510.00
08/02/2020_21:55:19;20.6;56.3;612;545.8;480.00
08/02/2020_22:00:19;20.4;56.7;591;533.0;440.00
08/02/2020_22:05:19;20.0;56.0;559;487.1;420.00
08/02/2020_22:10:19;20.0;55.4;555;538.1;420.00
08/02/2020_22:15:19;19.9;55.4;557;516.3;420.00
08/02/2020_22:20:19;19.8;54.7;551;501.7;430.00
08/02/2020_22:25:19;19.8;54.3;552;550.8;440.00
08/02/2020_22:30:19;19.7;54.5;560;642.1;430.00
08/02/2020_22:35:19;19.7;53.8;560;665.4;440.00
08/02/2020_22:40:19;19.6;53.6;565;570.7;430.00
08/02/2020_22:45:19;19.6;53.8;560;518.3;440.00
08/02/2020_22:50:19;19.5;53.1;557;484.8;430.00
08/02/2020_22:55:19;19.5;54.0;562;496.4;430.00
08/02/2020_23:00:19;19.1;56.4;549;478.2;410.00
08/02/2020_23:05:19;19.2;56.7;555;494.2;420.00
08/02/2020_23:10:19;19.2;57.2;557;492.4;440.00
08/02/2020_23:15:19;19.2;57.7;563;485.7;440.00
08/02/2020_23:20:19;19.1;58.1;560;485.9;440.00
08/02/2020_23:25:19;19.2;57.8;563;485.7;440.00
08/02/2020_23:30:19;19.1;57.6;557;487.8;440.00
08/02/2020_23:35:19;19.2;57.4;560;484.2;440.00
08/02/2020_23:40:19;19.4;56.6;563;496.9;440.00
08/02/2020_23:45:19;19.5;55.9;554;490.1;430.00
08/02/2020_23:50:19;19.5;55.6;551;469.2;420.00
08/02/2020_23:55:19;19.7;54.6;549;486.0;420.00
09/02/2020_00:00:19;19.5;54.9;537;478.1;410.00
09/02/2020_00:05:19;19.5;54.5;540;462.2;410.00
09/02/2020_00:10:19;19.5;54.5;534;465.0;410.00
09/02/2020_00:15:19;19.5;54.5;536;461.6;410.00
09/02/2020_00:20:19;19.5;54.8;539;478.6;410.00
09/02/2020_00:25:19;19.4;55.2;525;444.9;400.00
09/02/2020_00:30:19;19.5;55.1;538;465.7;400.00
09/02/2020_00:35:19;19.4;55.1;529;479.6;400.00
09/02/2020_00:40:19;19.4;55.1;540;464.5;400.00
09/02/2020_00:45:19;19.5;54.8;534;476.4;400.00
09/02/2020_00:50:19;19.4;55.0;532;482.7;400.00
09/02/2020_00:55:19;19.4;55.1;529;502.5;410.00
09/02/2020_01:00:19;19.3;55.5;528;500.6;400.00
09/02/2020_01:05:19;19.4;55.7;529;511.5;400.00
09/02/2020_01:10:19;19.3;55.8;518;494.3;400.00
09/02/2020_01:15:19;19.3;56.3;534;509.2;400.00
09/02/2020_01:20:19;19.3;56.5;528;529.7;400.00
09/02/2020_01:25:19;19.4;56.7;529;518.7;400.00
09/02/2020_01:30:19;19.3;57.0;532;513.9;400.00
09/02/2020_01:35:19;19.3;57.4;537;532.6;400.00
09/02/2020_01:40:19;19.3;57.3;531;522.0;400.00
09/02/2020_01:45:19;19.2;57.8;535;509.8;400.00
09/02/2020_01:50:19;19.2;58.2;535;531.6;400.00
09/02/2020_01:55:19;19.3;58.4;528;580.2;400.00
09/02/2020_02:00:19;19.3;58.4;526;557.3;400.00
09/02/2020_02:05:19;19.4;58.7;523;511.0;400.00
09/02/2020_02:10:19;19.3;59.4;528;522.3;400.00
09/02/2020_02:15:19;19.3;59.6;528;493.4;400.00
09/02/2020_02:20:19;19.3;59.7;526;537.4;400.00
09/02/2020_02:25:19;19.4;59.4;532;528.5;400.00
09/02/2020_02:30:19;19.3;59.2;540;533.3;410.00
09/02/2020_02:35:19;19.4;59.0;551;559.2;420.00
09/02/2020_02:40:19;19.4;58.5;558;549.6;430.00
09/02/2020_02:45:19;19.3;58.6;557;531.9;430.00
09/02/2020_02:50:19;19.4;58.4;571;577.9;440.00
09/02/2020_02:55:19;19.3;58.3;569;604.6;440.00
09/02/2020_03:00:19;19.3;58.0;563;644.2;430.00
09/02/2020_03:05:19;19.2;58.7;554;513.3;430.00
09/02/2020_03:10:19;19.2;58.3;551;506.9;430.00
09/02/2020_03:15:19;19.2;58.1;560;497.1;420.00
09/02/2020_03:20:19;19.0;58.5;549;489.3;420.00
09/02/2020_03:25:19;19.2;58.3;545;461.6;410.00
09/02/2020_03:30:19;19.1;58.4;548;458.3;410.00
09/02/2020_03:35:19;19.1;58.4;549;473.4;410.00
09/02/2020_03:40:19;19.1;58.3;546;474.4;410.00
09/02/2020_03:45:19;19.1;58.3;540;438.9;410.00
09/02/2020_03:50:19;19.2;58.5;537;448.6;410.00
09/02/2020_03:55:19;19.4;58.0;594;556.7;520.00
09/02/2020_04:00:19;19.8;56.5;617;530.0;500.00
09/02/2020_04:05:19;19.9;55.9;614;511.2;490.00
09/02/2020_04:10:19;19.9;55.9;612;520.3;490.00
09/02/2020_04:15:19;20.0;55.4;617;513.7;500.00
09/02/2020_04:20:19;20.0;55.1;616;521.2;490.00
09/02/2020_04:25:19;19.9;55.0;614;502.3;490.00
09/02/2020_04:30:19;20.1;54.8;612;531.5;500.00
09/02/2020_04:35:19;20.1;54.7;648;542.9;510.00
09/02/2020_04:40:19;20.1;54.6;665;567.6;530.00
09/02/2020_04:45:19;20.3;54.4;663;552.2;540.00
09/02/2020_04:50:19;20.3;54.1;680;556.6;550.00
09/02/2020_04:55:19;20.3;54.2;688;582.1;560.00
09/02/2020_05:00:19;20.3;54.3;682;576.3;560.00
09/02/2020_05:05:19;20.3;54.3;703;588.2;580.00
09/02/2020_05:10:19;20.2;54.4;711;596.7;590.00
09/02/2020_05:15:19;20.3;54.3;713;599.8;590.00
09/02/2020_05:20:19;20.4;54.3;731;624.8;600.00
09/02/2020_05:25:19;20.3;54.4;737;608.6;610.00
09/02/2020_05:30:19;20.3;54.2;753;596.3;610.00
09/02/2020_05:35:19;20.2;54.3;756;649.3;620.00
09/02/2020_05:40:19;20.3;54.4;751;634.9;620.00
09/02/2020_05:45:19;20.4;54.1;751;647.2;630.00
09/02/2020_05:50:19;20.3;54.3;767;631.9;640.00
09/02/2020_05:55:19;20.4;54.4;774;652.3;650.00
09/02/2020_06:00:19;20.3;54.4;780;663.1;660.00
09/02/2020_06:05:19;20.4;54.1;785;672.0;670.00
09/02/2020_06:10:19;20.3;54.2;787;660.6;660.00
09/02/2020_06:15:19;20.3;54.3;791;658.2;660.00
09/02/2020_06:20:19;20.3;54.3;785;674.3;650.00
09/02/2020_06:25:19;20.4;54.2;790;668.9;660.00
09/02/2020_06:30:19;20.3;54.3;794;644.4;650.00
09/02/2020_06:35:19;20.5;54.0;797;664.4;660.00
09/02/2020_06:40:19;20.4;53.9;793;691.1;660.00
09/02/2020_06:45:19;20.4;54.0;796;666.4;670.00
09/02/2020_06:50:19;20.3;54.1;791;664.5;660.00
09/02/2020_06:55:19;20.4;54.0;790;652.7;670.00
09/02/2020_07:00:19;20.4;53.8;796;669.5;660.00
09/02/2020_07:05:19;20.5;53.7;785;639.8;660.00
09/02/2020_07:10:19;20.3;53.8;808;665.6;660.00
09/02/2020_07:15:19;20.5;53.6;790;659.2;670.00
09/02/2020_07:20:19;20.5;53.7;791;682.4;660.00
09/02/2020_07:25:19;20.4;53.4;799;655.4;660.00
09/02/2020_07:30:19;20.5;53.4;790;651.5;660.00
09/02/2020_07:35:19;20.6;53.4;790;652.9;670.00
09/02/2020_07:40:19;20.7;53.2;794;670.7;660.00
09/02/2020_07:45:19;20.7;53.1;796;654.4;660.00
09/02/2020_07:50:19;20.6;53.0;790;672.2;660.00
09/02/2020_07:55:19;20.7;52.9;796;654.6;670.00
09/02/2020_08:00:19;20.7;53.1;797;663.5;670.00
09/02/2020_08:05:19;20.5;53.3;796;676.1;650.00
09/02/2020_08:10:19;20.5;53.4;782;642.7;650.00
09/02/2020_08:15:19;20.5;53.1;791;653.0;660.00
09/02/2020_08:20:19;20.6;52.7;790;673.9;650.00
09/02/2020_08:25:19;20.7;52.3;782;641.1;650.00
09/02/2020_08:30:19;20.7;52.6;788;655.7;650.00
09/02/2020_08:35:19;20.7;52.5;779;646.3;650.00
09/02/2020_08:40:19;20.9;52.1;776;670.9;650.00
09/02/2020_08:45:19;20.7;52.4;779;642.6;650.00
09/02/2020_08:50:19;20.8;52.3;780;624.2;650.00
09/02/2020_08:55:19;20.7;52.4;782;639.0;640.00
09/02/2020_09:00:19;20.8;52.0;776;655.0;640.00
09/02/2020_09:05:19;20.8;51.9;768;641.7;640.00
09/02/2020_09:10:19;20.9;51.8;776;628.9;640.00
09/02/2020_09:15:19;20.8;51.8;773;648.1;640.00
09/02/2020_09:20:19;20.8;51.6;762;648.3;640.00
09/02/2020_09:25:19;20.8;52.2;782;707.3;690.00
09/02/2020_09:30:19;20.9;51.8;816;672.5;700.00
09/02/2020_09:35:19;21.0;52.2;848;760.3;780.00
09/02/2020_09:40:19;21.1;52.2;893;794.9;800.00
09/02/2020_09:45:19;21.3;53.7;989;969.1;990.00
