Date/time;LCSS_t[c];LCSS_rh[%];REFERENCE_CO2[ppm];IRCA1(1)_co2[ppm];TDS0058(1)_co2[ppm]
03/02/2020_10;19.0;46.5;949.2;668.1;741.7
03/02/2020_11;20.6;48.2;618.8;416.9;464.5
03/02/2020_12;21.5;49.2;846.3;669.1;737.3
03/02/2020_13;22.7;50.9;1086.1;855.8;952.7
03/02/2020_14;23.3;49.6;1081.9;845.9;961.8
03/02/2020_15;23.9;50.4;1218.2;961.9;1090.0
03/02/2020_16;24.2;47.7;1125.1;873.4;1008.2
03/02/2020_17;24.8;46.7;1183.2;932.6;1075.5
03/02/2020_18;25.0;47.2;1306.5;1047.7;1209.1
03/02/2020_19;25.0;49.0;1566.7;1313.7;1500.9
03/02/2020_20;24.3;45.7;1403.3;1097.4;1256.4
03/02/2020_21;23.7;48.9;1385.6;1131.4;1279.1
03/02/2020_22;23.8;51.4;1497.4;1233.8;1383.6
03/02/2020_23;22.0;38.6;846.5;613.1;687.3
04/02/2020_00;21.1;34.9;626.5;456.2;489.1
04/02/2020_01;21.6;40.2;770.4;596.3;642.7
04/02/2020_02;21.7;43.5;800.8;597.4;659.1
04/02/2020_03;21.7;45.6;835.2;641.3;695.5
04/02/2020_04;21.6;47.2;890.5;693.8;750.9
04/02/2020_05;21.5;48.5;948.0;747.2;803.6
04/02/2020_06;21.4;49.4;1022.5;822.6;884.5
04/02/2020_07;21.3;50.1;1104.4;897.0;962.7
04/02/2020_08;21.4;50.3;1142.4;930.6;1002.7
04/02/2020_09;21.7;49.9;1161.5;955.7;1020.9
04/02/2020_10;21.9;48.4;1135.0;920.3;986.4
04/02/2020_11;22.5;50.5;1629.9;1431.2;1560.9
04/02/2020_12;22.9;39.9;1147.7;869.2;962.7
04/02/2020_13;23.2;39.9;776.1;567.6;632.7
04/02/2020_14;23.9;44.6;1152.5;956.7;1044.5
04/02/2020_15;24.5;48.2;1348.2;1157.3;1240.0
04/02/2020_16;24.8;45.4;1044.2;866.7;914.5
04/02/2020_17;25.0;45.3;1026.5;856.7;907.3
04/02/2020_18;25.1;47.4;1332.5;1167.6;1243.6
04/02/2020_19;25.0;44.5;1093.0;922.3;970.0
04/02/2020_20;24.3;45.8;959.4;795.8;821.8
04/02/2020_21;24.3;48.7;1192.6;1058.9;1106.4
04/02/2020_22;24.3;50.4;1499.6;1334.4;1395.5
04/02/2020_23;23.0;46.5;942.9;736.5;780.0
05/02/2020_00;22.2;45.3;635.8;463.6;497.3
05/02/2020_01;21.7;44.8;612.0;451.9;475.5
05/02/2020_02;20.9;45.1;637.4;495.9;504.5
05/02/2020_03;20.3;43.7;662.5;567.7;519.1
05/02/2020_04;19.9;41.6;677.1;592.5;537.3
05/02/2020_05;19.6;40.8;680.8;589.4;531.8
05/02/2020_06;19.1;41.0;660.2;650.4;510.9
05/02/2020_07;19.0;40.2;655.5;582.2;504.5
05/02/2020_08;19.5;38.0;636.1;506.5;490.9
05/02/2020_09;20.1;39.3;747.1;605.4;610.0
05/02/2020_10;21.1;37.4;694.5;524.8;542.7
05/02/2020_11;21.7;39.6;729.5;580.5;593.6
05/02/2020_12;22.7;46.5;1063.6;907.2;934.5
05/02/2020_13;23.6;47.8;956.8;823.3;823.6
05/02/2020_14;24.3;50.3;1115.4;986.7;998.2
05/02/2020_15;24.9;52.2;1208.1;1133.4;1092.7
05/02/2020_16;25.5;50.7;1210.6;1105.7;1100.0
05/02/2020_17;25.9;48.8;1214.7;1138.6;1090.0
05/02/2020_18;25.8;47.3;1025.6;831.9;886.4
05/02/2020_19;25.4;47.8;835.2;650.6;707.3
05/02/2020_20;24.2;49.8;736.7;617.8;625.5
05/02/2020_21;24.3;51.9;936.7;833.0;812.7
05/02/2020_22;23.8;52.4;975.3;885.4;850.0
05/02/2020_23;23.3;52.8;985.1;936.6;854.5
06/02/2020_00;22.2;52.7;737.5;570.1;590.9
06/02/2020_01;21.7;52.8;644.4;482.9;503.6
06/02/2020_02;21.1;50.5;652.5;500.8;516.4
06/02/2020_03;20.8;49.7;660.0;505.2;517.3
06/02/2020_04;20.6;47.7;637.9;486.0;494.5
06/02/2020_05;20.3;46.7;655.7;523.3;510.0
06/02/2020_06;20.2;45.1;634.9;569.7;492.7
06/02/2020_07;20.0;44.4;637.7;501.3;499.1
06/02/2020_08;20.2;43.7;636.5;520.8;490.9
06/02/2020_09;20.6;44.8;628.0;528.8;480.9
06/02/2020_10;21.7;44.4;625.5;463.6;484.5
06/02/2020_11;22.3;43.1;639.8;481.4;505.5
06/02/2020_12;22.9;43.9;821.2;669.0;708.2
06/02/2020_13;23.8;48.1;1143.2;919.9;1001.8
06/02/2020_14;24.4;46.6;891.4;686.1;760.0
06/02/2020_15;24.8;45.8;906.9;685.2;777.3
06/02/2020_16;25.0;45.5;915.4;689.5;782.7
06/02/2020_17;25.3;45.3;916.3;706.6;790.0
06/02/2020_18;25.5;46.8;1097.2;878.3;986.4
06/02/2020_19;25.8;48.5;1404.4;1178.7;1304.5
06/02/2020_20;25.4;44.9;1266.4;1028.0;1144.5
06/02/2020_21;24.2;48.1;1191.2;977.8;1071.8
06/02/2020_22;23.5;49.0;1018.6;817.4;890.0
06/02/2020_23;22.7;50.3;734.1;560.3;594.5
07/02/2020_00;22.2;51.5;700.0;585.4;570.0
07/02/2020_01;21.7;52.1;673.6;627.4;535.5
07/02/2020_02;21.4;53.3;663.8;566.8;524.5
07/02/2020_03;21.2;56.1;665.0;550.8;526.4
07/02/2020_04;20.9;58.1;669.6;545.1;530.0
07/02/2020_05;21.1;61.8;704.3;563.3;565.5
07/02/2020_06;21.2;63.1;727.0;586.1;590.9
07/02/2020_07;21.3;63.9;767.2;623.8;629.1
07/02/2020_08;21.6;63.6;775.7;632.8;637.3
07/02/2020_09;22.0;62.8;836.6;692.5;701.8
07/02/2020_10;22.7;61.2;902.8;775.8;769.1
07/02/2020_11;23.1;60.1;940.3;855.8;811.8
07/02/2020_12;23.4;59.4;1141.7;1134.0;1010.0
07/02/2020_13;24.0;56.9;1078.7;1037.7;941.8
07/02/2020_14;24.6;55.2;945.6;908.0;798.2
07/02/2020_15;25.1;54.0;872.5;735.8;740.0
07/02/2020_16;25.6;50.3;927.1;743.0;786.4
07/02/2020_17;25.8;42.1;765.8;639.0;632.7
07/02/2020_18;25.9;44.0;857.3;739.2;733.6
07/02/2020_19;25.8;45.0;917.1;760.3;797.3
07/02/2020_20;25.1;47.7;970.5;820.5;861.8
07/02/2020_21;24.4;50.9;1248.4;1094.2;1129.1
07/02/2020_22;24.5;51.2;1292.2;1138.5;1185.5
07/02/2020_23;24.1;52.5;1375.9;1203.4;1253.6
08/02/2020_00;23.8;53.2;1322.0;1152.5;1205.5
08/02/2020_01;23.8;53.7;1345.5;1170.8;1229.1
08/02/2020_02;23.6;54.2;1333.0;1159.1;1213.6
08/02/2020_03;23.5;54.5;1285.2;1108.6;1154.5
08/02/2020_04;23.4;54.6;1225.1;1047.7;1089.1
08/02/2020_05;23.4;55.1;1151.8;981.4;1016.4
08/02/2020_06;23.3;55.4;1104.1;923.7;970.9
08/02/2020_07;23.3;55.4;1076.9;906.6;944.5
08/02/2020_08;23.4;55.6;1065.3;896.8;932.7
08/02/2020_09;23.6;55.5;1052.5;880.6;919.1
08/02/2020_10;23.6;56.7;1101.7;941.7;982.7
08/02/2020_11;24.4;58.2;1230.8;1040.1;1094.5
08/02/2020_12;24.9;56.5;1120.8;905.1;953.6
08/02/2020_13;24.8;56.6;927.4;789.4;812.7
08/02/2020_14;25.1;53.7;912.9;772.7;799.1
08/02/2020_15;25.3;52.6;943.8;763.3;794.5
08/02/2020_16;25.4;51.1;819.5;681.1;707.3
08/02/2020_17;25.2;50.0;843.2;686.0;696.4
08/02/2020_18;24.3;48.7;585.7;471.4;463.6
08/02/2020_19;24.3;51.7;797.9;696.0;681.8
08/02/2020_20;23.8;51.6;716.8;603.4;585.5
08/02/2020_21;23.3;54.4;611.1;511.8;476.4
08/02/2020_22;22.9;58.3;616.4;534.8;486.4
08/02/2020_23;21.6;59.6;611.7;591.3;470.0
09/02/2020_00;21.0;62.0;607.4;530.6;470.9
09/02/2020_01;21.2;59.9;583.0;514.7;441.8
09/02/2020_02;21.1;62.1;578.5;568.6;436.4
09/02/2020_03;21.1;64.3;591.7;591.5;451.8
09/02/2020_04;20.9;63.6;603.3;542.1;464.5
09/02/2020_05;21.9;60.1;695.1;584.7;559.1
09/02/2020_06;22.2;59.2;802.6;673.3;663.6
09/02/2020_07;22.2;59.1;861.7;725.5;720.9
09/02/2020_08;22.4;58.3;865.9;720.7;722.7
09/02/2020_09;22.5;57.5;856.5;711.7;710.9
